   5.7040000e+01   1.0000000e-02  -6.7000000e-01  -1.1200000e+00
   5.7820000e+01  -2.6000000e-01  -8.3000000e-01  -1.6400000e+00
   5.8600000e+01  -2.5000000e-01  -8.3000000e-01  -1.5500000e+00
   5.9390000e+01  -3.3000000e-01  -4.3000000e-01  -7.1000000e-01
   6.0170000e+01   4.0000000e-02   3.6000000e-01   5.0000000e-01
   6.0950000e+01   3.0000000e-01   1.1500000e+00   1.5800000e+00
   6.1730000e+01   2.2000000e-01   1.3700000e+00   1.7600000e+00
   6.2510000e+01   3.6000000e-01   1.0300000e+00   1.0900000e+00
   6.3290000e+01   3.7000000e-01   9.4000000e-01   6.1000000e-01
   6.4070000e+01   8.2000000e-01   7.3000000e-01  -2.0000000e-01
   6.4850000e+01   2.2000000e-01  -2.2000000e-01  -6.8000000e-01
   6.5640000e+01  -1.2700000e+00  -1.1700000e+00  -5.4000000e-01
   6.6420000e+01  -1.9100000e+00  -1.0800000e+00  -4.2000000e-01
   6.7200000e+01  -1.4100000e+00  -8.3000000e-01  -7.0000000e-02
   6.7980000e+01  -1.3000000e-01  -6.4000000e-01   3.0000000e-01
   6.8760000e+01   9.5000000e-01  -1.7000000e-01  -1.0000000e-02
   6.9540000e+01   9.7000000e-01   3.3000000e-01  -6.7000000e-01
   7.0320000e+01   7.4000000e-01   5.4000000e-01  -7.3000000e-01
   7.1110000e+01  -1.5000000e-01   2.6000000e-01  -1.2000000e-01
   7.1890000e+01  -5.9000000e-01   1.1000000e-01   6.4000000e-01
   7.2670000e+01   6.0000000e-02  -1.3000000e-01   8.5000000e-01
   7.3450000e+01   2.2000000e-01  -4.5000000e-01   5.6000000e-01
   7.4230000e+01  -6.0000000e-02  -9.4000000e-01  -1.6000000e-01
   7.5010000e+01   3.1000000e-01  -5.9000000e-01  -5.6000000e-01
   7.5790000e+01   1.3700000e+00   2.6000000e-01  -1.0900000e+00
   7.6580000e+01   1.4900000e+00   8.9000000e-01  -1.8000000e+00
   7.7360000e+01   7.2000000e-01   1.1800000e+00  -1.4600000e+00
   7.8140000e+01  -3.5000000e-01   1.4500000e+00  -1.4000000e-01
   7.8920000e+01  -1.5600000e+00   1.3600000e+00   1.1700000e+00
   7.9700000e+01  -2.2200000e+00   9.2000000e-01   1.4300000e+00
   8.0480000e+01  -1.7100000e+00  -9.0000000e-02   1.5900000e+00
   8.1260000e+01  -7.1000000e-01  -1.0500000e+00   1.2700000e+00
   8.2050000e+01  -4.0000000e-02  -1.2900000e+00   8.7000000e-01
   8.2830000e+01   1.4000000e-01  -1.2900000e+00   1.0700000e+00
   8.3610000e+01   2.3000000e-01  -1.1900000e+00   1.0700000e+00
   8.4390000e+01   1.9000000e-01  -7.2000000e-01   8.8000000e-01
   8.5170000e+01   1.1000000e+00  -6.0000000e-02   2.0000000e-01
   8.5950000e+01   2.3800000e+00   6.0000000e-01  -5.7000000e-01
   8.6730000e+01   2.0900000e+00   1.2600000e+00  -1.2600000e+00
   8.7520000e+01   1.6700000e+00   1.2900000e+00  -1.9200000e+00
   8.8300000e+01   9.8000000e-01   9.6000000e-01  -2.4600000e+00
   8.9080000e+01  -2.7000000e-01   8.0000000e-01  -2.6700000e+00
   8.9860000e+01  -8.5000000e-01   4.3000000e-01  -2.1400000e+00
   9.0640000e+01  -2.2300000e+00  -2.3000000e-01  -1.2500000e+00
   9.1420000e+01  -4.1500000e+00  -5.6000000e-01   3.0000000e-01
   9.2200000e+01  -4.2500000e+00  -2.7000000e-01   2.1400000e+00
   9.2980000e+01  -2.6000000e+00   4.9000000e-01   3.2000000e+00
   9.3770000e+01   0.0000000e+00   2.4000000e-01   3.9900000e+00
   9.4550000e+01   2.8000000e+00  -1.0700000e+00   3.6000000e+00
   9.5330000e+01   4.7200000e+00  -1.8100000e+00   1.1100000e+00
   9.6110000e+01   4.6100000e+00  -1.4800000e+00  -1.4700000e+00
   9.6890000e+01   2.0400000e+00  -3.5000000e-01  -2.6400000e+00
   9.7670000e+01   7.0000000e-02   7.5000000e-01  -2.1800000e+00
   9.8450000e+01  -6.5000000e-01   1.8100000e+00  -1.5400000e+00
   9.9240000e+01  -1.1100000e+00   2.0300000e+00  -1.3000000e+00
   1.0002000e+02  -2.5600000e+00   1.5700000e+00  -9.6000000e-01
   1.0080000e+02  -2.9000000e+00   1.3300000e+00  -3.4000000e-01
   1.0158000e+02  -1.4800000e+00   8.2000000e-01   6.9000000e-01
   1.0236000e+02   1.1000000e-01  -3.3000000e-01   1.8000000e+00
   1.0314000e+02   1.9800000e+00  -1.6400000e+00   1.5900000e+00
   1.0392000e+02   2.1100000e+00  -2.2300000e+00   6.7000000e-01
   1.0471000e+02   3.2000000e-01  -1.7400000e+00   3.8000000e-01
   1.0549000e+02  -6.3000000e-01  -4.4000000e-01   3.2000000e-01
   1.0627000e+02  -1.1400000e+00   8.3000000e-01   3.6000000e-01
   1.0705000e+02  -1.2800000e+00   1.6800000e+00   2.6000000e-01
   1.0783000e+02  -1.8000000e-01   2.1400000e+00  -2.0000000e-01
   1.0861000e+02   5.4000000e-01   1.4700000e+00  -2.5000000e-01
   1.0939000e+02   7.6000000e-01   5.1000000e-01  -1.4000000e-01
   1.1018000e+02   7.5000000e-01  -4.3000000e-01  -4.9000000e-01
   1.1096000e+02   4.7000000e-01  -1.3600000e+00  -1.4800000e+00
   1.1174000e+02  -6.0000000e-02  -1.7200000e+00  -1.8100000e+00
   1.1252000e+02  -8.3000000e-01  -1.5100000e+00  -1.0600000e+00
   1.1330000e+02  -4.6000000e-01  -9.7000000e-01  -2.3000000e-01
   1.1408000e+02  -6.0000000e-02   1.9000000e-01   2.5000000e-01
   1.1486000e+02   3.9000000e-01   1.2900000e+00   8.0000000e-01
   1.1565000e+02   1.4300000e+00   1.5000000e+00   1.0600000e+00
   1.1643000e+02   2.4100000e+00   1.4600000e+00   1.9000000e-01
   1.1721000e+02   1.4200000e+00   1.0800000e+00  -4.0000000e-01
   1.1799000e+02  -3.4000000e-01   3.5000000e-01  -6.9000000e-01
   1.1877000e+02  -1.7200000e+00  -1.5000000e-01  -8.2000000e-01
   1.1955000e+02  -3.6000000e+00  -6.3000000e-01  -2.3000000e-01
   1.2033000e+02  -3.6400000e+00  -9.5000000e-01   8.3000000e-01
   1.2111000e+02  -2.2600000e+00  -1.1400000e+00   1.6500000e+00
   1.2190000e+02  -6.5000000e-01  -6.2000000e-01   2.3400000e+00
   1.2268000e+02   1.5000000e+00  -1.0900000e+00   2.6300000e+00
   1.2346000e+02   2.9300000e+00  -1.9300000e+00   1.6400000e+00
   1.2424000e+02   3.2200000e+00  -1.1800000e+00  -4.5000000e-01
   1.2502000e+02   2.2400000e+00   5.1000000e-01  -1.6700000e+00
   1.2580000e+02   1.3300000e+00   1.3700000e+00  -1.9200000e+00
   1.2658000e+02   1.2300000e+00   1.6100000e+00  -2.2300000e+00
   1.2737000e+02   2.6000000e-01   1.9600000e+00  -1.6900000e+00
   1.2815000e+02  -6.6000000e-01   2.8100000e+00  -5.5000000e-01
   1.2893000e+02  -1.3000000e+00   3.2500000e+00   4.2000000e-01
   1.2971000e+02  -1.1400000e+00   2.2500000e+00   8.6000000e-01
   1.3049000e+02  -1.2800000e+00   5.0000000e-02   6.1000000e-01
   1.3127000e+02  -2.5900000e+00  -2.0000000e+00  -5.6000000e-01
   1.3205000e+02  -2.6400000e+00  -2.9900000e+00  -1.2400000e+00
   1.3284000e+02  -1.4500000e+00  -2.9900000e+00  -4.7000000e-01
   1.3362000e+02  -3.7000000e-01  -2.9800000e+00   6.2000000e-01
   1.3440000e+02   3.0000000e-01  -3.0900000e+00   1.3200000e+00
   1.3518000e+02   1.3600000e+00  -1.9100000e+00   1.4700000e+00
   1.3596000e+02   2.5200000e+00   5.7000000e-01   1.3600000e+00
   1.3674000e+02   2.8800000e+00   2.8500000e+00   8.3000000e-01
   1.3752000e+02   2.6200000e+00   3.3300000e+00   3.0000000e-02
   1.3831000e+02   2.0100000e+00   2.6600000e+00  -5.3000000e-01
   1.3909000e+02   3.2000000e-01   2.0400000e+00  -7.3000000e-01
   1.3987000e+02  -8.9000000e-01   1.2300000e+00  -1.2600000e+00
   1.4065000e+02  -8.6000000e-01   2.0000000e-01  -1.3100000e+00
   1.4143000e+02  -1.8600000e+00  -6.4000000e-01  -3.7000000e-01
   1.4221000e+02  -3.1800000e+00  -1.0400000e+00   1.0400000e+00
   1.4299000e+02  -3.1200000e+00  -6.5000000e-01   1.8900000e+00
   1.4377000e+02  -1.3500000e+00  -6.5000000e-01   1.7600000e+00
   1.4456000e+02   6.0000000e-01  -4.2000000e-01   7.7000000e-01
   1.4534000e+02   1.8400000e+00  -1.7000000e-01  -5.4000000e-01
   1.4612000e+02   2.0100000e+00  -5.7000000e-01  -1.2500000e+00
   1.4690000e+02   1.8800000e+00  -1.2100000e+00  -1.2700000e+00
   1.4768000e+02   1.2200000e+00  -1.3900000e+00  -1.1300000e+00
   1.4846000e+02  -3.0000000e-01  -6.8000000e-01  -3.6000000e-01
   1.4924000e+02  -9.4000000e-01   6.5000000e-01   5.4000000e-01
   1.5003000e+02  -1.0200000e+00   2.0200000e+00   6.7000000e-01
   1.5081000e+02  -3.6000000e-01   2.6000000e+00   2.2000000e-01
   1.5159000e+02  -1.5000000e-01   1.5500000e+00  -4.8000000e-01
   1.5237000e+02   3.9000000e-01  -5.0000000e-01  -1.1100000e+00
   1.5315000e+02   9.2000000e-01  -1.5000000e+00  -1.4200000e+00
   1.5393000e+02   2.0000000e-01  -9.8000000e-01  -1.2100000e+00
   1.5471000e+02  -4.1000000e-01  -6.5000000e-01  -5.4000000e-01
   1.5550000e+02  -1.1900000e+00  -4.8000000e-01   2.9000000e-01
   1.5628000e+02  -1.1000000e+00   3.5000000e-01   1.1200000e+00
   1.5706000e+02   2.0000000e-01   7.6000000e-01   1.6800000e+00
   1.5784000e+02   5.6000000e-01   6.0000000e-02   1.2000000e+00
   1.5862000e+02   5.8000000e-01  -6.5000000e-01   1.0000000e-02
   1.5940000e+02   7.7000000e-01  -7.1000000e-01  -2.1000000e-01
   1.6018000e+02   7.8000000e-01  -3.0000000e-01   2.6000000e-01
   1.6097000e+02   6.3000000e-01   5.1000000e-01   8.9000000e-01
   1.6175000e+02   6.5000000e-01   1.5300000e+00   6.3000000e-01
   1.6253000e+02   1.0000000e-01   1.9400000e+00  -5.0000000e-01
   1.6331000e+02  -1.0600000e+00   1.9800000e+00  -1.1000000e+00
   1.6409000e+02  -1.8600000e+00   1.1100000e+00  -7.3000000e-01
   1.6487000e+02  -1.3400000e+00  -3.9000000e-01  -2.9000000e-01
   1.6565000e+02  -1.0500000e+00  -1.4400000e+00   5.0000000e-02
   1.6644000e+02  -7.3000000e-01  -1.9500000e+00   9.2000000e-01
   1.6722000e+02   2.8000000e-01  -1.8700000e+00   1.4800000e+00
   1.6800000e+02   1.2800000e+00  -9.3000000e-01   1.2200000e+00
   1.6878000e+02   1.7700000e+00  -2.8000000e-01   3.6000000e-01
   1.6956000e+02   1.1300000e+00   1.3000000e-01  -1.0100000e+00
   1.7034000e+02   7.5000000e-01   2.8000000e-01  -2.0600000e+00
   1.7112000e+02   6.9000000e-01   2.1000000e-01  -2.2300000e+00
   1.7190000e+02   2.6000000e-01   6.8000000e-01  -2.1100000e+00
   1.7269000e+02  -7.3000000e-01   1.1300000e+00  -1.8200000e+00
   1.7347000e+02  -9.5000000e-01   6.6000000e-01  -9.8000000e-01
   1.7425000e+02  -1.0800000e+00  -1.5000000e-01  -7.0000000e-02
   1.7503000e+02  -1.0000000e+00  -4.6000000e-01   1.0400000e+00
   1.7581000e+02  -3.8000000e-01   1.7000000e-01   2.1700000e+00
   1.7659000e+02   4.6000000e-01   6.8000000e-01   2.3400000e+00
   1.7737000e+02   1.0700000e+00   1.7000000e-01   2.2000000e+00
   1.7816000e+02   2.8000000e-01  -6.2000000e-01   1.7700000e+00
   1.7894000e+02  -1.0300000e+00  -1.0900000e+00   7.4000000e-01
   1.7972000e+02  -9.3000000e-01  -7.9000000e-01   1.5000000e-01
   1.8050000e+02  -4.0000000e-01  -1.1000000e-01   4.6000000e-01
   1.8128000e+02   4.1000000e-01   9.2000000e-01   6.2000000e-01
   1.8206000e+02   1.4200000e+00   1.4400000e+00   3.7000000e-01
   1.8284000e+02   1.3900000e+00   9.3000000e-01  -4.5000000e-01
   1.8363000e+02   7.4000000e-01   5.0000000e-02  -1.5600000e+00
   1.8441000e+02   7.8000000e-01  -2.5000000e-01  -1.9800000e+00
   1.8519000e+02   4.2000000e-01  -2.1000000e-01  -2.5100000e+00
   1.8597000e+02  -1.2800000e+00  -7.0000000e-02  -1.9200000e+00
   1.8675000e+02  -1.8300000e+00   6.1000000e-01   2.0000000e-02
   1.8753000e+02  -1.5200000e+00   9.6000000e-01   9.9000000e-01
   1.8831000e+02  -1.5900000e+00   1.3000000e-01   8.3000000e-01
   1.8910000e+02  -5.9000000e-01  -8.8000000e-01   8.1000000e-01
   1.8988000e+02   6.3000000e-01  -1.0900000e+00   8.3000000e-01
   1.9066000e+02   1.3100000e+00  -8.5000000e-01   5.4000000e-01
   1.9144000e+02   1.7000000e+00  -8.7000000e-01  -7.1000000e-01
   1.9222000e+02   1.6700000e+00  -9.5000000e-01  -1.7600000e+00
   1.9300000e+02   8.5000000e-01  -4.2000000e-01  -1.6700000e+00
   1.9378000e+02  -6.0000000e-02   5.0000000e-02  -1.4100000e+00
   1.9456000e+02  -2.2000000e-01   1.4000000e-01  -8.4000000e-01
   1.9535000e+02  -5.7000000e-01   4.3000000e-01   7.0000000e-02
   1.9613000e+02  -1.1200000e+00   1.2200000e+00   1.4400000e+00
   1.9691000e+02  -1.0000000e+00   1.9400000e+00   2.7800000e+00
   1.9769000e+02  -6.5000000e-01   2.2800000e+00   3.2800000e+00
   1.9847000e+02  -1.3000000e-01   2.0200000e+00   2.6300000e+00
   1.9925000e+02   9.0000000e-01   1.3000000e+00   1.7100000e+00
   2.0003000e+02   1.1200000e+00  -3.0000000e-02   6.7000000e-01
   2.0082000e+02  -4.2000000e-01  -1.7600000e+00  -3.9000000e-01
   2.0160000e+02  -1.9500000e+00  -2.8400000e+00  -1.5400000e+00
   2.0238000e+02  -1.8300000e+00  -2.5000000e+00  -1.8600000e+00
   2.0316000e+02  -5.0000000e-02  -1.4200000e+00  -1.3400000e+00
   2.0394000e+02   7.3000000e-01  -5.0000000e-02  -6.6000000e-01
   2.0472000e+02   1.1700000e+00   7.6000000e-01  -4.4000000e-01
   2.0550000e+02   2.4200000e+00   1.1900000e+00  -9.2000000e-01
   2.0629000e+02   3.3600000e+00   1.3700000e+00  -1.8300000e+00
   2.0707000e+02   2.3500000e+00   1.4800000e+00  -2.3600000e+00
   2.0785000e+02   4.6000000e-01   1.3000000e+00  -2.1500000e+00
   2.0863000e+02  -1.4700000e+00   8.9000000e-01  -1.5600000e+00
   2.0941000e+02  -3.0900000e+00   4.9000000e-01  -1.0300000e+00
   2.1019000e+02  -3.7600000e+00  -7.6000000e-01  -2.1000000e-01
   2.1097000e+02  -3.8300000e+00  -2.6500000e+00   1.1800000e+00
   2.1176000e+02  -2.8000000e+00  -2.9600000e+00   3.4500000e+00
   2.1254000e+02  -9.0000000e-01  -1.6200000e+00   4.9900000e+00
   2.1332000e+02   1.5600000e+00  -6.0000000e-02   4.7200000e+00
   2.1410000e+02   3.5900000e+00   1.2400000e+00   2.8800000e+00
   2.1488000e+02   4.0200000e+00   1.7900000e+00   5.4000000e-01
   2.1566000e+02   3.5700000e+00   1.3000000e+00  -1.2300000e+00
   2.1644000e+02   2.3300000e+00   6.2000000e-01  -2.0400000e+00
   2.1723000e+02   4.9000000e-01   7.9000000e-01  -2.0300000e+00
   2.1801000e+02  -6.1000000e-01   1.9700000e+00  -1.9100000e+00
   2.1879000e+02  -1.3900000e+00   2.2300000e+00  -1.7200000e+00
   2.1957000e+02  -1.9100000e+00   1.6500000e+00  -1.4300000e+00
   2.2035000e+02  -2.2200000e+00   5.8000000e-01  -1.0800000e+00
   2.2113000e+02  -2.1100000e+00  -6.9000000e-01   4.0000000e-02
   2.2191000e+02  -1.8700000e+00  -2.2200000e+00   7.5000000e-01
   2.2269000e+02  -9.5000000e-01  -3.4400000e+00   7.2000000e-01
   2.2348000e+02  -3.9000000e-01  -3.5100000e+00   7.4000000e-01
   2.2426000e+02  -7.3000000e-01  -2.4600000e+00   1.1400000e+00
   2.2504000e+02   1.4000000e-01  -7.4000000e-01   1.4000000e+00
   2.2582000e+02   1.4200000e+00   6.3000000e-01   9.6000000e-01
   2.2660000e+02   2.2100000e+00   1.1100000e+00   6.8000000e-01
   2.2738000e+02   2.7600000e+00   1.6800000e+00   2.5000000e-01
   2.2816000e+02   2.7800000e+00   2.7500000e+00  -5.9000000e-01
   2.2895000e+02   2.6400000e+00   3.5800000e+00  -1.3800000e+00
   2.2973000e+02   1.5700000e+00   2.9100000e+00  -1.6000000e+00
   2.3051000e+02  -5.7000000e-01   1.2300000e+00  -1.3900000e+00
   2.3129000e+02  -2.2800000e+00  -2.6000000e-01  -1.2700000e+00
   2.3207000e+02  -3.4000000e+00  -6.8000000e-01  -8.0000000e-01
   2.3285000e+02  -3.9400000e+00  -5.6000000e-01   1.3000000e-01
   2.3363000e+02  -3.8100000e+00  -5.1000000e-01   1.1600000e+00
   2.3442000e+02  -2.0400000e+00  -1.4100000e+00   1.7200000e+00
   2.3520000e+02   3.5000000e-01  -2.4400000e+00   1.6700000e+00
   2.3598000e+02   2.3700000e+00  -2.5800000e+00   7.4000000e-01
   2.3676000e+02   3.0100000e+00  -1.8700000e+00  -1.1000000e-01
   2.3754000e+02   2.4100000e+00  -8.3000000e-01  -1.1000000e-01
   2.3832000e+02   1.7600000e+00   1.5000000e-01   2.6000000e-01
   2.3910000e+02   5.7000000e-01   1.4500000e+00   4.0000000e-01
   2.3989000e+02   1.2000000e-01   2.3400000e+00   3.5000000e-01
   2.4067000e+02   3.9000000e-01   2.2300000e+00  -5.0000000e-02
   2.4145000e+02   8.6000000e-01   1.1300000e+00  -7.9000000e-01
   2.4223000e+02   3.8000000e-01   2.6000000e-01  -1.0700000e+00
   2.4301000e+02  -7.3000000e-01   6.0000000e-02  -1.2500000e+00
   2.4379000e+02  -1.5300000e+00   3.8000000e-01  -1.4800000e+00
   2.4457000e+02  -2.1100000e+00   8.2000000e-01  -6.9000000e-01
   2.4535000e+02  -1.6800000e+00   1.0600000e+00   6.9000000e-01
   2.4614000e+02  -9.8000000e-01   7.8000000e-01   1.3100000e+00
   2.4692000e+02  -7.7000000e-01  -5.6000000e-01   1.2800000e+00
   2.4770000e+02  -6.4000000e-01  -2.5800000e+00   1.0500000e+00
   2.4848000e+02  -3.2000000e-01  -2.8700000e+00   8.0000000e-01
   2.4926000e+02   5.5000000e-01  -1.6800000e+00   3.8000000e-01
   2.5004000e+02   1.6200000e+00  -1.0300000e+00   2.2000000e-01
   2.5082000e+02   1.8500000e+00  -3.5000000e-01  -3.0000000e-02
   2.5161000e+02   1.4000000e+00   5.8000000e-01  -7.9000000e-01
   2.5239000e+02   1.7800000e+00   1.3300000e+00  -1.2000000e+00
   2.5317000e+02   1.8000000e+00   1.9600000e+00  -1.1100000e+00
   2.5395000e+02   1.1200000e+00   2.4300000e+00  -9.6000000e-01
   2.5473000e+02  -3.1000000e-01   2.0200000e+00  -6.6000000e-01
   2.5551000e+02  -1.4600000e+00   1.5000000e+00   2.1000000e-01
   2.5629000e+02  -1.9500000e+00   4.5000000e-01   6.9000000e-01
   2.5708000e+02  -1.4300000e+00  -8.2000000e-01   5.4000000e-01
   2.5786000e+02  -1.8000000e+00  -1.4200000e+00   4.7000000e-01
   2.5864000e+02  -2.9600000e+00  -1.1900000e+00   1.0800000e+00
   2.5942000e+02  -2.1400000e+00  -3.1000000e-01   1.4900000e+00
   2.6020000e+02  -4.3000000e-01  -4.1000000e-01   1.2900000e+00
   2.6098000e+02   1.4100000e+00  -1.3700000e+00   7.3000000e-01
   2.6176000e+02   2.7900000e+00  -2.2000000e+00  -2.7000000e-01
   2.6255000e+02   3.5800000e+00  -2.1900000e+00  -1.1800000e+00
   2.6333000e+02   3.1800000e+00  -6.7000000e-01  -1.5300000e+00
   2.6411000e+02   1.8400000e+00   1.4000000e+00  -1.4900000e+00
   2.6489000e+02  -2.3000000e-01   2.8200000e+00  -1.5200000e+00
   2.6567000e+02  -1.9000000e+00   2.9300000e+00  -1.0400000e+00
   2.6645000e+02  -2.1100000e+00   1.8500000e+00   2.8000000e-01
   2.6723000e+02  -1.6100000e+00   8.8000000e-01   1.3700000e+00
   2.6802000e+02  -1.2800000e+00  -1.9000000e-01   1.6100000e+00
   2.6880000e+02  -1.6100000e+00  -1.1800000e+00   1.4000000e+00
   2.6958000e+02  -1.1100000e+00  -1.0800000e+00   1.1900000e+00
   2.7036000e+02   5.1000000e-01  -5.8000000e-01   7.9000000e-01
   2.7114000e+02   1.6000000e+00  -4.3000000e-01   4.7000000e-01
   2.7192000e+02   1.5700000e+00  -3.7000000e-01  -1.1000000e-01
   2.7270000e+02   1.2600000e+00  -4.8000000e-01  -9.2000000e-01
   2.7348000e+02   7.5000000e-01  -2.3000000e-01  -1.6900000e+00
   2.7427000e+02  -5.6000000e-01   2.6000000e-01  -1.7300000e+00
   2.7505000e+02  -7.4000000e-01   5.4000000e-01  -6.8000000e-01
   2.7583000e+02   1.1000000e-01   4.8000000e-01  -4.0000000e-02
   2.7661000e+02   3.5000000e-01   8.0000000e-02  -4.3000000e-01
   2.7739000e+02   6.0000000e-02   1.2000000e-01  -6.0000000e-01
   2.7817000e+02  -3.5000000e-01   6.8000000e-01   2.2000000e-01
   2.7895000e+02  -2.5000000e-01   6.0000000e-01   8.4000000e-01
   2.7974000e+02  -2.8000000e-01   1.4000000e-01   1.0400000e+00
   2.8052000e+02  -2.1000000e-01  -6.0000000e-02   9.9000000e-01
   2.8130000e+02  -4.4000000e-01  -4.5000000e-01   9.8000000e-01
   2.8208000e+02  -9.0000000e-02  -8.9000000e-01   5.6000000e-01
   2.8286000e+02   1.7000000e-01  -1.4300000e+00  -5.9000000e-01
   2.8364000e+02  -7.0000000e-02  -1.4000000e+00  -9.0000000e-01
   2.8442000e+02  -7.3000000e-01  -5.6000000e-01  -1.0000000e-01
   2.8521000e+02  -1.0600000e+00   5.4000000e-01   6.8000000e-01
   2.8599000e+02  -2.2000000e-01   1.6100000e+00   1.2700000e+00
   2.8677000e+02   1.1100000e+00   2.0900000e+00   1.1500000e+00
   2.8755000e+02   1.6000000e+00   1.5200000e+00   5.2000000e-01
   2.8833000e+02   1.7600000e+00   4.6000000e-01  -5.3000000e-01
   2.8911000e+02   1.6700000e+00  -3.4000000e-01  -1.4300000e+00
   2.8989000e+02   8.7000000e-01  -5.8000000e-01  -2.1600000e+00
   2.9068000e+02  -5.3000000e-01  -6.8000000e-01  -2.3000000e+00
   2.9146000e+02  -1.9300000e+00  -1.0200000e+00  -2.1200000e+00
   2.9224000e+02  -2.3400000e+00  -9.3000000e-01  -1.5500000e+00
   2.9302000e+02  -1.5400000e+00  -2.1000000e-01  -2.6000000e-01
   2.9380000e+02  -6.4000000e-01  -8.0000000e-02   1.2600000e+00
   2.9458000e+02  -4.7000000e-01  -3.7000000e-01   2.3300000e+00
   2.9536000e+02   4.0000000e-02  -7.7000000e-01   2.1600000e+00
   2.9615000e+02   9.7000000e-01  -2.2000000e-01   1.3200000e+00
   2.9693000e+02   1.1200000e+00   1.2300000e+00   9.7000000e-01
   2.9771000e+02   1.1400000e+00   1.7500000e+00   8.9000000e-01
   2.9849000e+02   1.4100000e+00   6.9000000e-01   1.8000000e-01
   2.9927000e+02   9.2000000e-01  -4.9000000e-01  -5.9000000e-01
   3.0005000e+02   1.1000000e-01  -8.4000000e-01  -7.6000000e-01
   3.0083000e+02  -1.5600000e+00  -8.4000000e-01   3.0000000e-02
   3.0161000e+02  -2.4700000e+00  -4.1000000e-01   1.0000000e+00
   3.0240000e+02  -1.2900000e+00   5.3000000e-01   1.4000000e+00
   3.0318000e+02   1.8000000e-01   1.1000000e+00   9.0000000e-01
   3.0396000e+02   1.9600000e+00   7.7000000e-01  -2.7000000e-01
   3.0474000e+02   2.4500000e+00   1.6000000e-01  -1.4400000e+00
   3.0552000e+02   8.4000000e-01  -3.9000000e-01  -2.3800000e+00
   3.0630000e+02  -3.3000000e-01  -4.1000000e-01  -2.8000000e+00
   3.0708000e+02  -1.0000000e+00  -2.2000000e-01  -2.2200000e+00
   3.0787000e+02  -1.2500000e+00  -2.0000000e-01  -9.1000000e-01
   3.0865000e+02  -1.2200000e+00   4.0000000e-02   4.9000000e-01
   3.0943000e+02  -8.6000000e-01   2.8000000e-01   8.6000000e-01
   3.1021000e+02   5.0000000e-01  -9.0000000e-02   7.8000000e-01
   3.1099000e+02   1.1600000e+00  -1.4000000e-01   7.4000000e-01
   3.1177000e+02   5.4000000e-01  -9.0000000e-02   2.5000000e-01
   3.1255000e+02  -6.5000000e-01  -4.3000000e-01   3.1000000e-01
   3.1334000e+02  -8.4000000e-01  -1.0000000e-01   6.7000000e-01
   3.1412000e+02  -3.1000000e-01   8.2000000e-01   8.4000000e-01
   3.1490000e+02   3.0000000e-01   9.7000000e-01   7.1000000e-01
   3.1568000e+02   1.0400000e+00   4.4000000e-01   3.8000000e-01
   3.1646000e+02   1.0100000e+00  -4.9000000e-01   5.3000000e-01
   3.1724000e+02   7.5000000e-01  -1.0100000e+00   5.6000000e-01
   3.1802000e+02  -1.3000000e-01  -4.5000000e-01   1.5000000e-01
   3.1881000e+02  -1.7500000e+00   4.7000000e-01   3.1000000e-01
   3.1959000e+02  -8.9000000e-01   9.5000000e-01   9.0000000e-01
   3.2037000e+02   9.0000000e-01   9.5000000e-01   9.7000000e-01
   3.2115000e+02   1.5600000e+00   6.5000000e-01   1.7000000e-01
   3.2193000e+02   1.3700000e+00   3.0000000e-01  -1.1300000e+00
   3.2271000e+02   6.0000000e-02  -4.0000000e-02  -1.9200000e+00
   3.2349000e+02  -1.2200000e+00  -2.0000000e-01  -1.7200000e+00
   3.2427000e+02  -9.6000000e-01  -2.0000000e-02  -1.5300000e+00
   3.2506000e+02  -8.9000000e-01   2.3000000e-01  -1.6000000e+00
   3.2584000e+02  -1.9900000e+00  -6.0000000e-02  -1.4700000e+00
   3.2662000e+02  -1.9300000e+00  -8.4000000e-01  -6.3000000e-01
   3.2740000e+02  -3.9000000e-01  -1.4300000e+00   3.9000000e-01
   3.2818000e+02   9.9000000e-01  -1.7400000e+00   8.1000000e-01
   3.2896000e+02   1.4600000e+00  -1.5700000e+00   9.9000000e-01
   3.2974000e+02   2.1100000e+00  -8.3000000e-01   9.9000000e-01
   3.3053000e+02   2.7200000e+00   6.6000000e-01   4.7000000e-01
   3.3131000e+02   1.9000000e+00   1.8200000e+00   5.0000000e-02
   3.3209000e+02   1.5000000e-01   2.3600000e+00   4.6000000e-01
   3.3287000e+02  -8.3000000e-01   2.7200000e+00   1.2000000e+00
   3.3365000e+02  -1.7000000e+00   2.4300000e+00   1.2400000e+00
   3.3443000e+02  -1.7500000e+00   1.3500000e+00   1.0400000e+00
   3.3521000e+02  -1.3700000e+00  -1.0000000e-01   1.2200000e+00
   3.3600000e+02  -5.3000000e-01  -1.5300000e+00   1.0600000e+00
   3.3678000e+02   1.4000000e-01  -2.3700000e+00   3.1000000e-01
   3.3756000e+02   2.7000000e-01  -1.8700000e+00  -7.4000000e-01
   3.3834000e+02  -2.6000000e-01  -9.1000000e-01  -8.5000000e-01
   3.3912000e+02  -1.2000000e+00  -2.6000000e-01  -4.2000000e-01
   3.3990000e+02  -9.6000000e-01  -1.2000000e-01  -6.8000000e-01
   3.4068000e+02   3.1000000e-01  -6.7000000e-01  -1.4100000e+00
   3.4147000e+02   2.1400000e+00  -1.3300000e+00  -1.6500000e+00
   3.4225000e+02   2.9600000e+00  -5.3000000e-01  -9.3000000e-01
   3.4303000e+02   1.9200000e+00   9.6000000e-01  -5.9000000e-01
   3.4381000e+02   4.6000000e-01   1.7600000e+00  -8.6000000e-01
   3.4459000e+02  -6.6000000e-01   1.8100000e+00  -9.0000000e-01
   3.4537000e+02  -1.6100000e+00   2.0700000e+00  -6.2000000e-01
   3.4615000e+02  -1.4800000e+00   1.7400000e+00   8.0000000e-02
   3.4694000e+02  -1.2200000e+00   3.9000000e-01   7.2000000e-01
   3.4772000e+02  -1.1700000e+00  -4.1000000e-01   1.3400000e+00
   3.4850000e+02  -8.6000000e-01  -4.4000000e-01   1.6600000e+00
   3.4928000e+02  -5.2000000e-01  -1.2400000e+00   1.6500000e+00
   3.5006000e+02   3.7000000e-01  -2.2400000e+00   1.2900000e+00
   3.5084000e+02   1.3800000e+00  -1.9100000e+00   6.0000000e-01
   3.5162000e+02   1.5100000e+00  -4.5000000e-01   3.9000000e-01
   3.5240000e+02   1.3400000e+00   8.6000000e-01   3.9000000e-01
   3.5319000e+02   1.0400000e+00   1.3600000e+00  -4.0000000e-02
   3.5397000e+02   4.8000000e-01   1.2400000e+00  -6.5000000e-01
   3.5475000e+02  -4.6000000e-01   2.7000000e-01  -1.3000000e+00
   3.5553000e+02  -9.0000000e-01  -3.0000000e-01  -1.5400000e+00
   3.5631000e+02  -1.6500000e+00  -3.8000000e-01  -1.2100000e+00
   3.5709000e+02  -1.7700000e+00  -1.9000000e-01  -6.6000000e-01
   3.5787000e+02  -5.0000000e-02  -1.0000000e-02  -1.3000000e-01
   3.5866000e+02   1.2400000e+00  -4.0000000e-02  -3.0000000e-02
   3.5944000e+02   1.1300000e+00   2.6000000e-01   3.0000000e-02
   3.6022000e+02   3.4000000e-01   2.9000000e-01   3.9000000e-01
   3.6100000e+02  -3.0000000e-01  -2.0000000e-02   9.3000000e-01
   3.6178000e+02  -7.5000000e-01   2.3000000e-01   8.6000000e-01
   3.6256000e+02  -1.7300000e+00   8.3000000e-01   9.7000000e-01
   3.6334000e+02  -6.0000000e-01   1.1800000e+00   9.8000000e-01
   3.6413000e+02   6.3000000e-01   4.9000000e-01   2.7000000e-01
   3.6491000e+02   1.4800000e+00  -6.5000000e-01  -3.0000000e-02
   3.6569000e+02   1.8900000e+00  -1.1400000e+00  -4.1000000e-01
   3.6647000e+02   8.4000000e-01  -8.5000000e-01  -1.2600000e+00
   3.6725000e+02  -1.6000000e-01   9.0000000e-02  -1.8500000e+00
   3.6803000e+02  -5.0000000e-02   7.2000000e-01  -1.1800000e+00
   3.6881000e+02  -5.0000000e-02   4.1000000e-01  -1.9000000e-01
   3.6960000e+02   1.2000000e-01   3.3000000e-01   3.0000000e-02
   3.7038000e+02  -6.8000000e-01   2.9000000e-01   2.0000000e-01
   3.7116000e+02  -2.0400000e+00  -3.6000000e-01   6.7000000e-01
   3.7194000e+02  -2.0800000e+00  -5.5000000e-01   9.3000000e-01
   3.7272000e+02  -1.2800000e+00  -2.7000000e-01   1.3900000e+00
   3.7350000e+02   4.4000000e-01  -4.4000000e-01   1.5600000e+00
   3.7428000e+02   1.9500000e+00  -7.2000000e-01   1.3300000e+00
   3.7506000e+02   1.9300000e+00  -2.7000000e-01   8.0000000e-02
   3.7585000e+02   7.0000000e-01   2.6000000e-01  -1.2100000e+00
   3.7663000e+02   0.0000000e+00   3.4000000e-01  -1.8600000e+00
   3.7741000e+02   6.0000000e-02   3.1000000e-01  -1.4000000e+00
   3.7819000e+02  -8.0000000e-02   1.1000000e-01  -4.0000000e-01
   3.7897000e+02  -9.0000000e-02   1.0000000e-01   2.2000000e-01
   3.7975000e+02  -7.0000000e-02   7.0000000e-01   4.4000000e-01
   3.8053000e+02   7.0000000e-02   1.6100000e+00   5.8000000e-01
   3.8132000e+02   2.2000000e-01   1.2000000e+00   3.2000000e-01
   3.8210000e+02   1.0000000e-02   5.1000000e-01   1.0000000e-02
   3.8288000e+02  -1.1300000e+00  -4.4000000e-01  -3.7000000e-01
   3.8366000e+02  -1.4900000e+00  -1.2400000e+00  -1.7000000e-01
   3.8444000e+02  -6.5000000e-01  -7.6000000e-01   2.8000000e-01
   3.8522000e+02   3.5000000e-01  -4.7000000e-01  -2.7000000e-01
   3.8600000e+02   7.5000000e-01  -1.0100000e+00  -8.2000000e-01
   3.8679000e+02   6.2000000e-01  -1.1800000e+00  -6.4000000e-01
   3.8757000e+02  -3.5000000e-01  -4.5000000e-01   1.0000000e-01
   3.8835000e+02  -1.8000000e-01  -4.0000000e-02   8.5000000e-01
   3.8913000e+02   7.3000000e-01   2.3000000e-01   1.2200000e+00
   3.8991000e+02   1.4100000e+00   1.0800000e+00   1.2700000e+00
   3.9069000e+02   1.5800000e+00   2.0700000e+00   5.6000000e-01
   3.9147000e+02   9.4000000e-01   2.0400000e+00  -7.9000000e-01
   3.9226000e+02  -2.1000000e-01   9.5000000e-01  -1.5500000e+00
   3.9304000e+02  -1.4200000e+00  -2.5000000e-01  -1.5400000e+00
   3.9382000e+02  -2.6700000e+00  -1.1000000e+00  -1.1400000e+00
   3.9460000e+02  -2.2100000e+00  -1.6700000e+00  -3.8000000e-01
   3.9538000e+02  -1.1500000e+00  -1.5000000e+00   4.2000000e-01
   3.9616000e+02  -2.7000000e-01  -9.8000000e-01   1.2700000e+00
   3.9694000e+02   5.8000000e-01  -7.5000000e-01   1.8700000e+00
   3.9773000e+02   9.1000000e-01   1.3000000e-01   2.0600000e+00
   3.9851000e+02   1.3600000e+00   6.9000000e-01   1.7100000e+00
   3.9929000e+02   2.0300000e+00   7.1000000e-01   5.0000000e-01
   4.0007000e+02   1.6500000e+00   1.4200000e+00  -7.7000000e-01
   4.0085000e+02   1.4900000e+00   1.8000000e+00  -1.2800000e+00
   4.0163000e+02   1.5300000e+00   1.1000000e+00  -1.6200000e+00
   4.0241000e+02  -3.1000000e-01   2.6000000e-01  -2.2000000e+00
   4.0319000e+02  -2.0900000e+00  -2.5000000e-01  -2.3800000e+00
   4.0398000e+02  -2.2100000e+00  -5.2000000e-01  -1.2100000e+00
   4.0476000e+02  -1.9200000e+00  -5.5000000e-01   8.4000000e-01
   4.0554000e+02  -1.4900000e+00   3.4000000e-01   1.4700000e+00
   4.0632000e+02  -1.0200000e+00   3.0000000e-01   1.0100000e+00
   4.0710000e+02  -3.3000000e-01  -6.9000000e-01   7.6000000e-01
   4.0788000e+02   4.0000000e-02  -1.7000000e+00   8.3000000e-01
   4.0866000e+02  -1.2000000e-01  -2.1400000e+00   7.7000000e-01
   4.0945000e+02   6.1000000e-01  -1.9800000e+00   6.0000000e-01
   4.1023000e+02   1.7400000e+00  -1.1800000e+00   3.5000000e-01
   4.1101000e+02   2.8600000e+00  -2.2000000e-01  -2.6000000e-01
   4.1179000e+02   3.4400000e+00   1.4200000e+00  -6.3000000e-01
   4.1257000e+02   2.2100000e+00   3.1800000e+00  -6.2000000e-01
   4.1335000e+02  -2.1000000e-01   4.1200000e+00  -4.3000000e-01
   4.1413000e+02  -1.3100000e+00   2.9000000e+00  -6.0000000e-02
   4.1492000e+02  -1.5500000e+00   1.1800000e+00  -5.8000000e-01
   4.1570000e+02  -3.1500000e+00   4.2000000e-01  -1.0100000e+00
   4.1648000e+02  -4.1300000e+00   1.0000000e-01   1.2000000e-01
   4.1726000e+02  -2.7700000e+00  -1.1900000e+00   1.4400000e+00
   4.1804000e+02  -7.4000000e-01  -2.7900000e+00   2.0400000e+00
   4.1882000e+02   1.2900000e+00  -3.5000000e+00   2.0600000e+00
   4.1960000e+02   2.6200000e+00  -2.8600000e+00   1.2600000e+00
   4.2039000e+02   2.5800000e+00  -1.4700000e+00   0.0000000e+00
   4.2117000e+02   2.0900000e+00   1.6000000e-01  -1.1300000e+00
   4.2195000e+02   3.7000000e-01   1.8000000e+00  -1.4500000e+00
   4.2273000e+02  -1.0000000e-02   3.1100000e+00  -6.4000000e-01
   4.2351000e+02   2.9000000e-01   4.0500000e+00  -5.4000000e-01
   4.2429000e+02   7.4000000e-01   3.8400000e+00  -1.1800000e+00
   4.2507000e+02   1.4500000e+00   2.6900000e+00  -1.9900000e+00
   4.2585000e+02   8.7000000e-01   4.8000000e-01  -2.0900000e+00
   4.2664000e+02  -6.3000000e-01  -1.7800000e+00  -1.6200000e+00
   4.2742000e+02  -2.8300000e+00  -3.0400000e+00  -8.9000000e-01
   4.2820000e+02  -3.8800000e+00  -3.5900000e+00   3.9000000e-01
   4.2898000e+02  -2.8000000e+00  -2.7900000e+00   1.8500000e+00
   4.2976000e+02  -1.9500000e+00  -8.0000000e-01   3.5000000e+00
   4.3054000e+02  -5.8000000e-01   8.2000000e-01   4.0700000e+00
   4.3132000e+02   1.2800000e+00   8.4000000e-01   3.1300000e+00
   4.3211000e+02   2.9600000e+00   2.2000000e-01   1.2600000e+00
   4.3289000e+02   3.5100000e+00  -1.5000000e-01  -6.2000000e-01
   4.3367000e+02   2.7900000e+00   2.5000000e-01  -1.7700000e+00
   4.3445000e+02   1.8000000e+00   1.1800000e+00  -2.5400000e+00
   4.3523000e+02   9.8000000e-01   1.1400000e+00  -2.6400000e+00
   4.3601000e+02   3.8000000e-01   1.0600000e+00  -1.9400000e+00
   4.3679000e+02  -7.3000000e-01   1.6800000e+00  -1.5300000e+00
   4.3758000e+02  -2.2700000e+00   2.0200000e+00  -9.0000000e-01
   4.3836000e+02  -2.6500000e+00   1.1300000e+00  -3.0000000e-02
   4.3914000e+02  -2.8600000e+00   2.0000000e-02   8.3000000e-01
   4.3992000e+02  -2.6300000e+00  -3.3000000e-01   1.6400000e+00
   4.4070000e+02  -5.7000000e-01  -6.7000000e-01   2.1300000e+00
   4.4148000e+02   1.1800000e+00  -1.5200000e+00   1.6400000e+00
   4.4226000e+02   1.1700000e+00  -2.6100000e+00   8.4000000e-01
   4.4305000e+02   5.8000000e-01  -2.9200000e+00   3.7000000e-01
   4.4383000e+02   5.3000000e-01  -2.1400000e+00   1.0000000e-02
   4.4461000e+02   1.0500000e+00  -9.0000000e-01  -9.4000000e-01
   4.4539000e+02   2.1100000e+00   6.0000000e-01  -1.6700000e+00
   4.4617000e+02   2.3400000e+00   2.1000000e+00  -1.3300000e+00
   4.4695000e+02   1.3800000e+00   3.0700000e+00  -4.5000000e-01
   4.4773000e+02   4.3000000e-01   2.8700000e+00  -8.0000000e-02
   4.4852000e+02  -6.7000000e-01   1.7200000e+00   1.0000000e-01
   4.4930000e+02  -1.5600000e+00   3.1000000e-01   3.9000000e-01
   4.5008000e+02  -2.3000000e+00  -5.0000000e-01   7.8000000e-01
   4.5086000e+02  -2.7600000e+00  -8.2000000e-01   7.3000000e-01
   4.5164000e+02  -1.6500000e+00  -7.7000000e-01   1.0000000e+00
   4.5242000e+02  -5.0000000e-01  -9.2000000e-01   1.0600000e+00
   4.5320000e+02   8.0000000e-02  -1.2800000e+00   6.1000000e-01
   4.5398000e+02   2.7000000e-01  -1.0100000e+00   1.2000000e-01
   4.5477000e+02   7.1000000e-01  -1.0000000e-01   2.7000000e-01
   4.5555000e+02   1.5900000e+00   6.1000000e-01   3.5000000e-01
   4.5633000e+02   2.0700000e+00   7.8000000e-01  -4.0000000e-01
   4.5711000e+02   2.0700000e+00   4.8000000e-01  -1.1300000e+00
   4.5789000e+02   1.1900000e+00   2.4000000e-01  -1.3500000e+00
   4.5867000e+02   3.0000000e-02   8.5000000e-01  -1.2400000e+00
   4.5945000e+02  -4.1000000e-01   1.6800000e+00  -1.0200000e+00
   4.6024000e+02  -1.0000000e+00   1.1100000e+00  -7.2000000e-01
   4.6102000e+02  -9.1000000e-01  -1.4000000e-01  -6.0000000e-01
   4.6180000e+02  -1.4100000e+00  -1.1400000e+00  -4.0000000e-02
   4.6258000e+02  -1.7500000e+00  -1.7000000e+00   5.7000000e-01
   4.6336000e+02  -9.4000000e-01  -1.7800000e+00   6.0000000e-01
   4.6414000e+02   3.9000000e-01  -1.2700000e+00   2.2000000e-01
   4.6492000e+02   8.3000000e-01  -5.5000000e-01   2.5000000e-01
   4.6571000e+02  -2.1000000e-01   2.6000000e-01   1.1200000e+00
   4.6649000e+02  -5.1000000e-01   1.0200000e+00   1.2600000e+00
   4.6727000e+02   2.5000000e-01   1.0700000e+00   1.0500000e+00
   4.6805000e+02   2.2000000e-01   4.9000000e-01   1.1300000e+00
   4.6883000e+02   5.6000000e-01   2.6000000e-01   1.2800000e+00
   4.6961000e+02   1.6400000e+00   4.9000000e-01   5.5000000e-01
   4.7039000e+02   1.5700000e+00   3.5000000e-01  -1.1300000e+00
   4.7118000e+02   1.4200000e+00  -7.0000000e-02  -2.3600000e+00
   4.7196000e+02   6.5000000e-01   1.4000000e-01  -2.1700000e+00
   4.7274000e+02  -8.6000000e-01   2.4000000e-01  -1.1600000e+00
   4.7352000e+02  -1.7700000e+00   2.3000000e-01   2.0000000e-02
   4.7430000e+02  -1.8900000e+00   8.0000000e-02   1.0700000e+00
   4.7508000e+02  -7.8000000e-01   4.6000000e-01   7.5000000e-01
   4.7586000e+02  -2.8000000e-01   5.9000000e-01  -1.8000000e-01
   4.7665000e+02  -4.9000000e-01  -2.2000000e-01  -3.7000000e-01
   4.7743000e+02  -6.6000000e-01  -1.4800000e+00  -1.2000000e-01
   4.7821000e+02  -1.5000000e-01  -2.0600000e+00   2.8000000e-01
   4.7899000e+02   5.2000000e-01  -1.4900000e+00   1.1000000e+00
   4.7977000e+02   1.1700000e+00  -3.1000000e-01   1.1000000e+00
   4.8055000e+02   6.9000000e-01   4.2000000e-01   1.2000000e-01
   4.8133000e+02  -9.0000000e-02   9.1000000e-01  -6.2000000e-01
   4.8211000e+02   2.4000000e-01   1.5400000e+00  -8.1000000e-01
   4.8290000e+02   1.2100000e+00   2.0400000e+00  -4.1000000e-01
   4.8368000e+02   1.2400000e+00   1.5400000e+00   2.6000000e-01
   4.8446000e+02   6.1000000e-01   4.2000000e-01  -1.0000000e-02
   4.8524000e+02  -1.7000000e-01  -7.5000000e-01  -4.7000000e-01
   4.8602000e+02  -5.6000000e-01  -1.0500000e+00  -2.3000000e-01
   4.8680000e+02  -5.8000000e-01  -7.5000000e-01   1.1000000e-01
   4.8758000e+02  -8.8000000e-01  -1.6000000e-01  -2.6000000e-01
   4.8837000e+02  -1.6300000e+00   1.4000000e-01  -3.8000000e-01
   4.8915000e+02  -1.3500000e+00   6.0000000e-02   4.5000000e-01
   4.8993000e+02  -1.1300000e+00  -4.2000000e-01   1.0700000e+00
   4.9071000e+02  -2.9000000e-01  -8.5000000e-01   7.2000000e-01
   4.9149000e+02   3.4000000e-01  -1.6700000e+00   4.3000000e-01
   4.9227000e+02   1.3100000e+00  -1.5600000e+00   5.2000000e-01
   4.9305000e+02   2.2100000e+00  -1.5000000e-01   2.3000000e-01
   4.9384000e+02   1.6200000e+00   1.0900000e+00  -2.1000000e-01
   4.9462000e+02   6.2000000e-01   1.6100000e+00  -5.3000000e-01
   4.9540000e+02   6.4000000e-01   1.6900000e+00  -9.0000000e-01
   4.9618000e+02   3.2000000e-01   1.3900000e+00  -1.1000000e+00
   4.9696000e+02  -7.9000000e-01   8.8000000e-01  -8.3000000e-01
   4.9774000e+02  -1.7300000e+00   9.7000000e-01   7.0000000e-02
   4.9852000e+02  -1.3000000e+00   1.3400000e+00   6.1000000e-01
   4.9931000e+02  -8.0000000e-01   1.0000000e-01   6.5000000e-01
   5.0009000e+02  -8.9000000e-01  -1.9200000e+00   1.0600000e+00
   5.0087000e+02  -4.6000000e-01  -2.8000000e+00   1.3700000e+00
   5.0165000e+02   2.8000000e-01  -2.1900000e+00   5.2000000e-01
   5.0243000e+02   4.9000000e-01  -7.9000000e-01  -5.1000000e-01
   5.0321000e+02   8.4000000e-01   4.5000000e-01  -6.9000000e-01
   5.0399000e+02   1.4600000e+00   6.7000000e-01  -8.2000000e-01
   5.0477000e+02   1.2100000e+00   2.9000000e-01  -8.3000000e-01
   5.0556000e+02   1.3000000e-01  -1.8000000e-01  -5.8000000e-01
   5.0634000e+02  -6.3000000e-01  -6.0000000e-02   1.3000000e-01
   5.0712000e+02  -7.0000000e-01   1.0600000e+00   8.9000000e-01
   5.0790000e+02  -8.0000000e-02   1.8500000e+00   8.5000000e-01
   5.0868000e+02   5.6000000e-01   1.2200000e+00   2.3000000e-01
   5.0946000e+02   4.8000000e-01  -9.0000000e-02  -7.9000000e-01
   5.1024000e+02  -2.6000000e-01  -7.2000000e-01  -1.5600000e+00
   5.1103000e+02  -1.0400000e+00  -8.5000000e-01  -1.1400000e+00
   5.1181000e+02  -9.8000000e-01  -1.0200000e+00   3.6000000e-01
   5.1259000e+02  -5.2000000e-01  -8.7000000e-01   1.3700000e+00
   5.1337000e+02  -7.9000000e-01   1.1000000e-01   1.3800000e+00
   5.1415000e+02  -7.4000000e-01   1.1900000e+00   1.3900000e+00
   5.1493000e+02  -6.0000000e-02   1.3400000e+00   1.6000000e+00
   5.1571000e+02   1.0800000e+00   1.0700000e+00   1.1300000e+00
   5.1650000e+02   2.6200000e+00   5.2000000e-01  -3.8000000e-01
   5.1728000e+02   2.0600000e+00  -2.7000000e-01  -1.9700000e+00
   5.1806000e+02   4.7000000e-01  -9.0000000e-01  -2.9900000e+00
   5.1884000e+02  -1.0100000e+00  -1.6200000e+00  -2.4100000e+00
   5.1962000e+02  -1.4400000e+00  -1.4100000e+00  -8.0000000e-01
   5.2040000e+02  -7.6000000e-01  -5.8000000e-01   4.5000000e-01
   5.2118000e+02   2.3000000e-01   8.1000000e-01   8.8000000e-01
   5.2197000e+02   2.0000000e-02   1.7400000e+00   7.2000000e-01
   5.2275000e+02  -7.9000000e-01   2.0600000e+00   2.6000000e-01
   5.2353000e+02  -2.7000000e-01   1.3900000e+00  -4.0000000e-02
   5.2431000e+02   7.0000000e-02  -1.4000000e-01   1.9000000e-01
   5.2509000e+02  -2.7000000e-01  -1.5800000e+00   7.0000000e-01
   5.2587000e+02  -2.9000000e-01  -1.9700000e+00   5.1000000e-01
   5.2665000e+02  -2.4000000e-01  -1.6900000e+00   2.0000000e-01
   5.2744000e+02  -2.4000000e-01  -6.7000000e-01   5.3000000e-01
   5.2822000e+02   4.8000000e-01   3.8000000e-01   4.8000000e-01
   5.2900000e+02   1.0300000e+00   9.1000000e-01   0.0000000e+00
   5.2978000e+02   1.0300000e+00   1.2100000e+00  -4.0000000e-02
   5.3056000e+02   6.3000000e-01   1.3900000e+00   2.9000000e-01
   5.3134000e+02   2.6000000e-01   1.3100000e+00   1.8000000e-01
   5.3212000e+02   2.1000000e-01   5.4000000e-01  -1.7000000e-01
   5.3290000e+02   2.3000000e-01  -2.5000000e-01  -4.7000000e-01
   5.3369000e+02  -1.3000000e-01  -2.3000000e-01  -1.0600000e+00
   5.3447000e+02  -9.6000000e-01   8.0000000e-02  -9.8000000e-01
   5.3525000e+02  -1.3800000e+00   2.8000000e-01  -5.7000000e-01
   5.3603000e+02  -1.0000000e+00  -1.7000000e-01   3.0000000e-02
   5.3681000e+02  -1.1000000e+00  -6.1000000e-01   2.5000000e-01
   5.3759000e+02  -1.1200000e+00  -8.6000000e-01   1.6000000e-01
   5.3837000e+02  -2.3000000e-01  -1.4500000e+00   3.3000000e-01
   5.3916000e+02   7.8000000e-01  -2.0600000e+00   8.7000000e-01
   5.3994000e+02   2.1100000e+00  -1.6900000e+00   8.1000000e-01
   5.4072000e+02   2.8200000e+00   1.5000000e-01   2.0000000e-02
   5.4150000e+02   1.6100000e+00   1.9500000e+00  -5.0000000e-01
   5.4228000e+02  -1.8000000e-01   2.3300000e+00  -4.0000000e-01
   5.4306000e+02  -1.0100000e+00   2.1200000e+00  -1.2000000e-01
   5.4384000e+02  -1.0600000e+00   9.5000000e-01  -3.8000000e-01
   5.4463000e+02  -6.8000000e-01  -6.7000000e-01  -3.7000000e-01
   5.4541000e+02  -1.0500000e+00  -1.5000000e+00  -2.1000000e-01
   5.4619000e+02  -1.1800000e+00  -1.1300000e+00   2.1000000e-01
   5.4697000e+02  -5.8000000e-01  -4.5000000e-01   7.5000000e-01
   5.4775000e+02   6.1000000e-01   5.6000000e-01   1.1200000e+00
   5.4853000e+02   1.1000000e+00   1.0400000e+00   1.4300000e+00
   5.4931000e+02   7.3000000e-01   7.9000000e-01   9.8000000e-01
   5.5010000e+02   4.1000000e-01  -1.6000000e-01  -3.5000000e-01
   5.5088000e+02  -4.0000000e-02  -9.2000000e-01  -1.5100000e+00
   5.5166000e+02  -8.3000000e-01  -6.7000000e-01  -1.6300000e+00
   5.5244000e+02   1.0000000e-01   2.7000000e-01  -9.8000000e-01
   5.5322000e+02   1.0000000e-01   4.6000000e-01  -3.5000000e-01
   5.5400000e+02  -3.7000000e-01  -1.0000000e-02  -2.3000000e-01
   5.5478000e+02  -2.4000000e-01  -2.0000000e-02   1.0000000e-02
   5.5556000e+02  -3.6000000e-01   3.0000000e-01   8.3000000e-01
   5.5635000e+02  -1.5000000e-01  -2.0000000e-02   1.1200000e+00
   5.5713000e+02   6.4000000e-01  -8.3000000e-01   5.6000000e-01
   5.5791000e+02   1.0900000e+00  -1.0000000e+00   6.0000000e-02
   5.5869000e+02   3.5000000e-01  -5.8000000e-01  -1.6000000e-01
   5.5947000e+02   1.5000000e-01   1.4000000e-01  -2.6000000e-01
   5.6025000e+02   1.0200000e+00   7.5000000e-01  -6.3000000e-01
   5.6103000e+02   3.9000000e-01   1.3700000e+00  -7.5000000e-01
   5.6182000e+02  -1.4600000e+00   1.5100000e+00  -3.0000000e-01
   5.6260000e+02  -1.4200000e+00   1.1600000e+00   1.1000000e-01
   5.6338000e+02  -1.0400000e+00   5.2000000e-01   4.5000000e-01
   5.6416000e+02   1.4000000e-01   6.0000000e-02   1.0100000e+00
   5.6494000e+02   6.1000000e-01  -1.6000000e-01   1.2600000e+00
   5.6572000e+02  -6.0000000e-02  -7.9000000e-01   2.7000000e-01
   5.6650000e+02  -7.0000000e-01  -1.5800000e+00  -1.0000000e-02
   5.6729000e+02  -5.5000000e-01  -1.6400000e+00   2.6000000e-01
   5.6807000e+02   5.3000000e-01  -8.2000000e-01   1.2000000e-01
   5.6885000e+02   9.2000000e-01  -1.0000000e-02  -3.7000000e-01
   5.6963000e+02   6.9000000e-01   4.3000000e-01  -8.7000000e-01
   5.7041000e+02   2.8000000e-01   1.0000000e+00  -1.2500000e+00
   5.7119000e+02  -3.2000000e-01   1.2500000e+00  -1.2200000e+00
   5.7197000e+02  -5.0000000e-01   6.6000000e-01  -7.1000000e-01
   5.7276000e+02   8.4000000e-01  -3.4000000e-01   4.0000000e-01
   5.7354000e+02   2.0900000e+00  -6.5000000e-01   8.8000000e-01
   5.7432000e+02   1.2800000e+00  -1.9000000e-01   1.5000000e-01
   5.7510000e+02  -8.0000000e-02   5.2000000e-01  -1.1200000e+00
   5.7588000e+02  -1.3000000e+00   8.1000000e-01  -1.0400000e+00
   5.7666000e+02  -2.0900000e+00   2.8000000e-01   2.0000000e-01
   5.7744000e+02  -1.7100000e+00  -4.5000000e-01   1.1800000e+00
   5.7823000e+02  -1.5100000e+00  -1.0300000e+00   1.7400000e+00
   5.7901000e+02  -1.2400000e+00  -9.1000000e-01   2.1500000e+00
   5.7979000e+02  -7.7000000e-01   2.8000000e-01   2.4000000e+00
   5.8057000e+02   6.8000000e-01   1.3800000e+00   1.6000000e+00
   5.8135000e+02   1.7700000e+00   1.1800000e+00   9.0000000e-02
   5.8213000e+02   2.0800000e+00  -2.0000000e-01  -1.4700000e+00
   5.8291000e+02   1.8200000e+00  -1.1300000e+00  -2.5700000e+00
   5.8369000e+02   1.0700000e+00  -1.5800000e+00  -2.5200000e+00
   5.8448000e+02   9.7000000e-01  -1.3500000e+00  -1.9300000e+00
   5.8526000e+02   1.1000000e-01  -3.4000000e-01  -1.4400000e+00
   5.8604000e+02  -1.1500000e+00   1.2100000e+00  -7.4000000e-01
   5.8682000e+02  -8.1000000e-01   2.0400000e+00   3.8000000e-01
   5.8760000e+02  -1.0300000e+00   2.1600000e+00   1.4500000e+00
   5.8838000e+02  -1.1900000e+00   1.6800000e+00   1.4300000e+00
   5.8916000e+02  -4.8000000e-01   8.1000000e-01   6.3000000e-01
   5.8995000e+02   1.2000000e-01  -1.4000000e-01   4.0000000e-02
   5.9073000e+02   4.3000000e-01  -1.3900000e+00  -3.9000000e-01
   5.9151000e+02   1.1000000e-01  -2.3500000e+00  -4.5000000e-01
   5.9229000e+02  -6.4000000e-01  -2.2500000e+00  -1.0000000e-01
   5.9307000e+02  -1.6800000e+00  -1.6300000e+00   5.9000000e-01
   5.9385000e+02  -6.3000000e-01  -6.2000000e-01   7.4000000e-01
   5.9463000e+02   7.8000000e-01   2.9000000e-01   5.4000000e-01
   5.9542000e+02   1.5200000e+00   1.1000000e+00   3.4000000e-01
   5.9620000e+02   1.3400000e+00   1.5900000e+00  -2.0000000e-01
   5.9698000e+02   1.0900000e+00   1.5400000e+00  -3.2000000e-01
   5.9776000e+02   1.0700000e+00   1.4100000e+00  -2.0000000e-02
   5.9854000e+02   3.2000000e-01   1.2000000e+00  -2.5000000e-01
   5.9932000e+02  -5.3000000e-01   8.1000000e-01  -1.0000000e-01
   6.0010000e+02  -4.1000000e-01  -5.0000000e-02   1.0000000e-01
   6.0089000e+02  -2.3000000e-01  -7.2000000e-01  -2.4000000e-01
   6.0167000e+02  -9.6000000e-01  -5.1000000e-01  -4.9000000e-01
   6.0245000e+02  -1.4200000e+00  -2.4000000e-01  -1.9000000e-01
   6.0323000e+02  -1.4200000e+00  -1.7000000e-01   5.3000000e-01
   6.0401000e+02  -1.2300000e+00  -2.0000000e-01   1.0000000e+00
   6.0479000e+02   1.7000000e-01  -4.1000000e-01   5.8000000e-01
   6.0557000e+02   1.4400000e+00  -8.1000000e-01  -3.5000000e-01
   6.0635000e+02   1.4700000e+00  -9.7000000e-01  -4.6000000e-01
   6.0714000e+02   1.2800000e+00  -7.5000000e-01  -2.7000000e-01
   6.0792000e+02   1.4000000e+00  -2.5000000e-01  -8.4000000e-01
   6.0870000e+02   6.4000000e-01   5.8000000e-01  -1.3500000e+00
   6.0948000e+02  -5.0000000e-01   4.0000000e-01  -1.3300000e+00
   6.1026000e+02  -9.0000000e-01  -1.2000000e-01  -1.0700000e+00
   6.1104000e+02  -2.2300000e+00  -2.6000000e-01   8.0000000e-02
   6.1182000e+02  -1.7400000e+00  -2.0000000e-02   8.2000000e-01
   6.1261000e+02  -6.0000000e-01   5.9000000e-01   7.0000000e-01
   6.1339000e+02   1.1000000e-01   1.0600000e+00   1.3100000e+00
   6.1417000e+02   8.0000000e-01   1.1600000e+00   1.6800000e+00
   6.1495000e+02   1.1600000e+00   4.8000000e-01   1.5800000e+00
   6.1573000e+02   1.7400000e+00  -4.4000000e-01   1.1700000e+00
   6.1651000e+02   1.4400000e+00  -9.3000000e-01  -1.0000000e-02
   6.1729000e+02   4.9000000e-01  -1.1300000e+00  -8.5000000e-01
   6.1808000e+02  -6.4000000e-01  -5.8000000e-01  -8.4000000e-01
   6.1886000e+02  -1.1300000e+00   1.3700000e+00  -5.9000000e-01
   6.1964000e+02  -1.1700000e+00   2.7000000e+00  -1.3000000e-01
   6.2042000e+02  -6.2000000e-01   2.4000000e+00   1.2000000e-01
   6.2120000e+02   2.1000000e-01   6.7000000e-01  -1.6000000e-01
   6.2198000e+02   7.0000000e-01  -1.1300000e+00  -1.0600000e+00
   6.2276000e+02   3.9000000e-01  -1.7000000e+00  -2.0300000e+00
   6.2355000e+02  -6.7000000e-01  -1.5700000e+00  -1.8700000e+00
   6.2433000e+02  -5.0000000e-02  -1.3200000e+00  -6.7000000e-01
   6.2511000e+02   2.2000000e-01  -1.0300000e+00   3.4000000e-01
   6.2589000e+02  -4.6000000e-01  -4.0000000e-01   9.7000000e-01
   6.2667000e+02  -1.0500000e+00   5.3000000e-01   1.3200000e+00
   6.2745000e+02  -5.7000000e-01   1.1800000e+00   1.0500000e+00
   6.2823000e+02   7.2000000e-01   9.9000000e-01   4.2000000e-01
   6.2902000e+02   5.3000000e-01   4.0000000e-01   2.2000000e-01
   6.2980000e+02  -8.0000000e-02  -1.7000000e-01  -6.0000000e-02
   6.3058000e+02   1.5000000e-01  -3.2000000e-01  -2.0000000e-02
   6.3136000e+02   7.9000000e-01  -2.4000000e-01   4.7000000e-01
   6.3214000e+02   1.3800000e+00  -2.9000000e-01   1.3000000e-01
   6.3292000e+02   1.5800000e+00  -3.8000000e-01  -4.8000000e-01
   6.3370000e+02   6.0000000e-01   8.2000000e-01  -5.8000000e-01
   6.3448000e+02  -4.4000000e-01   2.4000000e+00  -7.0000000e-02
   6.3527000e+02  -1.1800000e+00   2.3800000e+00   3.9000000e-01
   6.3605000e+02  -1.6200000e+00   1.3300000e+00   6.6000000e-01
   6.3683000e+02  -1.8700000e+00  -1.5000000e-01   8.8000000e-01
   6.3761000e+02  -1.1600000e+00  -1.6800000e+00   6.9000000e-01
   6.3839000e+02  -3.9000000e-01  -2.1200000e+00   6.0000000e-02
   6.3917000e+02  -1.8000000e-01  -1.9000000e+00  -9.0000000e-01
   6.3995000e+02   5.6000000e-01  -1.4700000e+00  -1.2700000e+00
   6.4074000e+02   9.1000000e-01  -2.0000000e-01  -9.6000000e-01
   6.4152000e+02   1.1400000e+00   3.6000000e-01  -6.1000000e-01
   6.4230000e+02   1.3500000e+00  -1.8000000e-01  -6.9000000e-01
   6.4308000e+02   1.1500000e+00  -5.9000000e-01  -9.0000000e-01
   6.4386000e+02   8.1000000e-01   3.8000000e-01  -4.5000000e-01
   6.4464000e+02   1.3000000e-01   1.4400000e+00   2.0000000e-02
   6.4542000e+02  -4.5000000e-01   1.7600000e+00   2.9000000e-01
   6.4621000e+02  -1.0100000e+00   1.2600000e+00   8.4000000e-01
   6.4699000e+02  -1.3700000e+00   1.2000000e-01   1.6000000e+00
   6.4777000e+02  -6.9000000e-01  -1.0500000e+00   1.5300000e+00
   6.4855000e+02  -4.5000000e-01  -1.1700000e+00   9.9000000e-01
   6.4933000e+02  -6.7000000e-01  -6.9000000e-01   8.9000000e-01
   6.5011000e+02  -4.0000000e-01   1.0000000e-02   4.0000000e-01
   6.5089000e+02  -2.8000000e-01   4.2000000e-01  -1.6000000e-01
   6.5168000e+02   3.3000000e-01   3.0000000e-01  -5.3000000e-01
   6.5246000e+02   1.5400000e+00  -3.1000000e-01  -8.3000000e-01
   6.5324000e+02   2.0700000e+00  -5.1000000e-01  -1.1700000e+00
   6.5402000e+02   1.5200000e+00   3.0000000e-02  -9.3000000e-01
   6.5480000e+02   2.7000000e-01   9.9000000e-01  -1.8000000e-01
   6.5558000e+02  -1.4200000e+00   1.4100000e+00   2.3000000e-01
   6.5636000e+02  -1.5700000e+00   1.4300000e+00   3.4000000e-01
   6.5715000e+02  -1.0400000e+00   7.2000000e-01   7.0000000e-02
   6.5793000e+02  -6.0000000e-01  -1.0000000e+00  -3.8000000e-01
   6.5871000e+02  -1.7000000e-01  -2.2600000e+00  -6.7000000e-01
   6.5949000e+02   2.1000000e-01  -2.2200000e+00  -3.5000000e-01
   6.6027000e+02   5.8000000e-01  -8.8000000e-01   3.6000000e-01
   6.6105000e+02   8.9000000e-01   4.7000000e-01   4.8000000e-01
   6.6183000e+02   3.2000000e-01   1.1700000e+00   7.0000000e-02
   6.6261000e+02  -2.1000000e-01   8.2000000e-01  -2.7000000e-01
   6.6340000e+02  -4.6000000e-01   4.8000000e-01  -6.0000000e-02
   6.6418000e+02  -2.6000000e-01   5.5000000e-01   2.4000000e-01
   6.6496000e+02   2.6000000e-01   4.9000000e-01   5.3000000e-01
   6.6574000e+02   7.8000000e-01   5.3000000e-01   7.7000000e-01
   6.6652000e+02   1.0200000e+00   6.2000000e-01   5.0000000e-02
   6.6730000e+02   6.3000000e-01   4.0000000e-02  -7.2000000e-01
   6.6808000e+02  -4.4000000e-01  -8.3000000e-01  -8.8000000e-01
   6.6887000e+02  -1.9700000e+00  -1.5000000e+00  -2.4000000e-01
   6.6965000e+02  -2.3400000e+00  -1.4100000e+00   7.4000000e-01
   6.7043000e+02  -1.1400000e+00  -4.0000000e-01   7.7000000e-01
   6.7121000e+02   1.0000000e-01   6.7000000e-01   6.3000000e-01
   6.7199000e+02   1.0800000e+00   8.3000000e-01   6.2000000e-01
   6.7277000e+02   1.7000000e+00   1.8000000e-01   2.0000000e-01
   6.7355000e+02   2.5600000e+00  -1.0000000e-02  -6.6000000e-01
   6.7434000e+02   2.3000000e+00  -1.0000000e-01  -1.3400000e+00
   6.7512000e+02   7.6000000e-01   1.4000000e-01  -1.9000000e+00
   6.7590000e+02  -8.5000000e-01   7.9000000e-01  -1.6700000e+00
   6.7668000e+02  -2.3100000e+00   9.9000000e-01  -6.6000000e-01
   6.7746000e+02  -2.8600000e+00   4.7000000e-01   8.4000000e-01
   6.7824000e+02  -1.8700000e+00   2.2000000e-01   1.8800000e+00
   6.7902000e+02  -4.5000000e-01   7.0000000e-02   2.1600000e+00
   6.7981000e+02   5.6000000e-01  -9.0000000e-02   1.1300000e+00
   6.8059000e+02   1.6700000e+00  -5.4000000e-01  -1.3000000e-01
   6.8137000e+02   1.7300000e+00  -6.6000000e-01  -5.9000000e-01
   6.8215000e+02   5.9000000e-01  -3.8000000e-01  -4.3000000e-01
   6.8293000e+02  -6.7000000e-01  -2.0000000e-01  -5.5000000e-01
   6.8371000e+02  -9.0000000e-01  -5.1000000e-01  -7.0000000e-01
   6.8449000e+02  -1.0800000e+00  -2.9000000e-01  -1.0000000e-02
   6.8527000e+02  -5.6000000e-01   2.0000000e-01   9.4000000e-01
   6.8606000e+02   1.2600000e+00   5.0000000e-02   1.0300000e+00
   6.8684000e+02   2.1200000e+00   4.0000000e-02   2.2000000e-01
   6.8762000e+02   1.7000000e+00   5.5000000e-01  -9.9000000e-01
   6.8840000e+02   6.4000000e-01   9.4000000e-01  -1.7200000e+00
   6.8918000e+02  -3.5000000e-01   7.2000000e-01  -1.6700000e+00
   6.8996000e+02  -8.8000000e-01   1.5000000e-01  -1.1500000e+00
   6.9074000e+02  -1.5600000e+00  -3.5000000e-01  -3.5000000e-01
   6.9153000e+02  -1.6200000e+00  -5.6000000e-01   1.8000000e-01
   6.9231000e+02  -1.3300000e+00  -4.6000000e-01   8.6000000e-01
   6.9309000e+02  -1.0000000e+00  -1.8000000e-01   1.4500000e+00
   6.9387000e+02  -3.0000000e-01   3.0000000e-02   1.8000000e+00
   6.9465000e+02   4.5000000e-01   5.0000000e-02   1.4800000e+00
   6.9543000e+02   7.0000000e-01   3.7000000e-01   7.9000000e-01
   6.9621000e+02   1.4900000e+00   4.0000000e-01   6.7000000e-01
   6.9700000e+02   1.8800000e+00  -1.5000000e-01   1.7000000e-01
   6.9778000e+02   1.1100000e+00  -5.9000000e-01  -7.6000000e-01
   6.9856000e+02   3.4000000e-01  -7.0000000e-02  -1.3200000e+00
   6.9934000e+02  -1.0000000e-01   3.1000000e-01  -9.7000000e-01
   7.0012000e+02  -1.0800000e+00   3.4000000e-01  -4.0000000e-02
   7.0090000e+02  -1.6800000e+00   7.2000000e-01   7.1000000e-01
   7.0168000e+02  -2.2000000e-01   7.4000000e-01   2.5000000e-01
   7.0247000e+02   1.3900000e+00   2.5000000e-01  -7.2000000e-01
   7.0325000e+02   9.2000000e-01   2.1000000e-01  -1.7100000e+00
   7.0403000e+02  -9.2000000e-01   4.0000000e-02  -1.9400000e+00
   7.0481000e+02  -1.4200000e+00  -1.0100000e+00  -1.4200000e+00
   7.0559000e+02  -8.1000000e-01  -1.5800000e+00  -3.1000000e-01
   7.0637000e+02  -6.5000000e-01  -1.1900000e+00   9.9000000e-01
   7.0715000e+02  -2.2000000e-01  -6.5000000e-01   1.4800000e+00
   7.0794000e+02  -3.4000000e-01   2.0000000e-02   1.5700000e+00
   7.0872000e+02   7.7000000e-01   7.5000000e-01   1.5300000e+00
   7.0950000e+02   1.8800000e+00   1.4600000e+00   1.4100000e+00
   7.1028000e+02   1.6700000e+00   1.6900000e+00   7.1000000e-01
   7.1106000e+02   1.2100000e+00   1.4500000e+00  -3.9000000e-01
   7.1184000e+02   4.7000000e-01   9.1000000e-01  -1.1400000e+00
   7.1262000e+02  -2.9000000e-01   1.3000000e-01  -1.4900000e+00
   7.1340000e+02  -1.3800000e+00  -7.2000000e-01  -1.3100000e+00
   7.1419000e+02  -1.6400000e+00  -1.0900000e+00  -2.9000000e-01
   7.1497000e+02  -1.4700000e+00  -7.9000000e-01   3.5000000e-01
   7.1575000e+02  -1.4900000e+00  -5.6000000e-01   8.2000000e-01
   7.1653000e+02  -7.8000000e-01  -2.0000000e-01   1.3300000e+00
   7.1731000e+02   9.1000000e-01   5.0000000e-01   1.3800000e+00
   7.1809000e+02   1.2900000e+00   5.2000000e-01   5.4000000e-01
   7.1887000e+02   9.3000000e-01  -2.3000000e-01  -5.0000000e-01
   7.1966000e+02   6.7000000e-01  -7.2000000e-01  -1.2700000e+00
   7.2044000e+02   8.6000000e-01  -6.0000000e-01  -1.3300000e+00
   7.2122000e+02   1.2400000e+00  -1.5000000e-01  -6.1000000e-01
   7.2200000e+02   8.8000000e-01   3.6000000e-01  -2.2000000e-01
   7.2278000e+02  -3.0000000e-02   9.5000000e-01  -5.6000000e-01
   7.2356000e+02  -8.1000000e-01   1.3000000e+00  -7.5000000e-01
   7.2434000e+02  -1.5400000e+00   9.4000000e-01   3.0000000e-02
   7.2513000e+02  -1.1700000e+00   6.2000000e-01   8.4000000e-01
   7.2591000e+02  -7.8000000e-01  -2.0000000e-02   5.2000000e-01
   7.2669000e+02  -1.6000000e-01  -1.0500000e+00  -3.6000000e-01
   7.2747000e+02   1.8000000e-01  -1.5200000e+00  -8.3000000e-01
   7.2825000e+02  -3.6000000e-01  -1.3600000e+00  -4.4000000e-01
   7.2903000e+02  -5.5000000e-01  -4.4000000e-01   8.2000000e-01
   7.2981000e+02  -1.3000000e-01   2.5000000e-01   1.7000000e+00
   7.3060000e+02   3.0000000e-01  -9.0000000e-02   1.7700000e+00
   7.3138000e+02   8.2000000e-01  -6.7000000e-01   1.0300000e+00
   7.3216000e+02   9.8000000e-01  -5.3000000e-01   3.4000000e-01
   7.3294000e+02   6.6000000e-01   1.3000000e-01  -2.2000000e-01
   7.3372000e+02   7.0000000e-01   1.1400000e+00  -1.7000000e-01
   7.3450000e+02   7.8000000e-01   2.0700000e+00   3.5000000e-01
   7.3528000e+02   9.7000000e-01   2.1000000e+00  -6.0000000e-02
   7.3606000e+02   5.9000000e-01   8.0000000e-01  -9.2000000e-01
   7.3685000e+02  -3.8000000e-01  -2.3000000e-01  -1.8500000e+00
   7.3763000e+02  -1.5300000e+00  -4.6000000e-01  -2.1300000e+00
   7.3841000e+02  -1.4000000e+00  -5.0000000e-01  -1.4000000e+00
   7.3919000e+02  -1.2600000e+00  -3.0000000e-01  -4.1000000e-01
   7.3997000e+02  -1.1100000e+00   0.0000000e+00   2.6000000e-01
   7.4075000e+02  -6.1000000e-01  -5.9000000e-01   9.0000000e-01
   7.4153000e+02  -5.4000000e-01  -1.1200000e+00   1.2100000e+00
   7.4232000e+02  -2.6000000e-01  -8.8000000e-01   1.1200000e+00
   7.4310000e+02   7.0000000e-01  -4.6000000e-01   1.1000000e+00
   7.4388000e+02   8.8000000e-01  -5.6000000e-01   1.0000000e+00
   7.4466000e+02   8.6000000e-01  -2.7000000e-01   5.6000000e-01
   7.4544000e+02   9.9000000e-01   9.0000000e-02   8.0000000e-02
   7.4622000e+02   1.3400000e+00  -1.7000000e-01  -7.0000000e-01
   7.4700000e+02   1.7000000e+00  -5.2000000e-01  -1.3600000e+00
   7.4779000e+02   8.6000000e-01  -1.6000000e-01  -1.2600000e+00
   7.4857000e+02   5.8000000e-01   1.0200000e+00  -8.4000000e-01
   7.4935000e+02   4.0000000e-01   2.2900000e+00  -7.0000000e-01
   7.5013000e+02  -7.1000000e-01   2.7100000e+00  -5.2000000e-01
   7.5091000e+02  -1.8200000e+00   2.1800000e+00  -1.2000000e-01
   7.5169000e+02  -2.8500000e+00   9.8000000e-01   6.3000000e-01
   7.5247000e+02  -3.0400000e+00  -1.7000000e-01   1.9100000e+00
   7.5326000e+02  -2.0700000e+00  -1.3400000e+00   2.7100000e+00
   7.5404000e+02  -1.3600000e+00  -2.6200000e+00   2.3800000e+00
   7.5482000e+02   4.4000000e-01  -3.0500000e+00   1.5000000e+00
   7.5560000e+02   2.6100000e+00  -2.5200000e+00   1.5000000e-01
   7.5638000e+02   2.7900000e+00  -1.1700000e+00  -6.4000000e-01
   7.5716000e+02   1.9400000e+00   3.4000000e-01  -8.2000000e-01
   7.5794000e+02   1.7100000e+00   2.0300000e+00  -1.1400000e+00
   7.5873000e+02   1.6100000e+00   3.4100000e+00  -1.4600000e+00
   7.5951000e+02   1.4300000e+00   3.4900000e+00  -1.9600000e+00
   7.6029000e+02   9.3000000e-01   2.0900000e+00  -2.2800000e+00
   7.6107000e+02  -3.3000000e-01   3.5000000e-01  -1.9800000e+00
   7.6185000e+02  -2.2400000e+00  -7.7000000e-01  -1.2700000e+00
   7.6263000e+02  -2.8500000e+00  -1.7900000e+00  -4.8000000e-01
   7.6341000e+02  -3.0000000e+00  -2.3200000e+00   1.0300000e+00
   7.6419000e+02  -2.4900000e+00  -1.9300000e+00   2.5300000e+00
   7.6498000e+02  -1.2800000e+00  -1.1400000e+00   2.6300000e+00
   7.6576000e+02   1.0000000e-02  -6.2000000e-01   1.8600000e+00
   7.6654000e+02   9.2000000e-01  -3.1000000e-01   1.2300000e+00
   7.6732000e+02   9.6000000e-01  -7.0000000e-02   1.1400000e+00
   7.6810000e+02   1.1300000e+00   2.8000000e-01   1.1200000e+00
   7.6888000e+02   2.1900000e+00   7.6000000e-01   6.8000000e-01
   7.6966000e+02   2.8400000e+00   1.1600000e+00  -3.3000000e-01
   7.7045000e+02   2.5600000e+00   1.4500000e+00  -1.5400000e+00
   7.7123000e+02   1.3900000e+00   1.3400000e+00  -2.0800000e+00
   7.7201000e+02   7.0000000e-02   5.9000000e-01  -2.3200000e+00
   7.7279000e+02  -1.7000000e+00   1.4000000e-01  -2.0000000e+00
   7.7357000e+02  -2.9600000e+00   4.5000000e-01  -8.9000000e-01
   7.7435000e+02  -2.1800000e+00   7.5000000e-01   3.5000000e-01
   7.7513000e+02  -1.2100000e+00   8.8000000e-01   1.2000000e+00
   7.7592000e+02  -8.8000000e-01   4.3000000e-01   1.5900000e+00
   7.7670000e+02  -1.0000000e+00  -1.6000000e-01   2.1300000e+00
   7.7748000e+02  -5.7000000e-01  -8.0000000e-01   2.2900000e+00
   7.7826000e+02   1.2900000e+00  -1.3300000e+00   9.1000000e-01
   7.7904000e+02   1.9300000e+00  -1.6200000e+00  -9.6000000e-01
   7.7982000e+02   1.2800000e+00  -1.6700000e+00  -1.6200000e+00
   7.8060000e+02  -3.0000000e-02  -1.9100000e+00  -1.3900000e+00
   7.8139000e+02  -6.5000000e-01  -1.1800000e+00  -9.2000000e-01
   7.8217000e+02  -4.0000000e-01   5.9000000e-01  -5.4000000e-01
   7.8295000e+02   4.0000000e-01   1.5000000e+00  -9.0000000e-02
   7.8373000e+02   1.1400000e+00   2.0200000e+00   0.0000000e+00
   7.8451000e+02   1.5100000e+00   1.7600000e+00  -6.2000000e-01
   7.8529000e+02   1.5700000e+00   1.2600000e+00  -1.3300000e+00
   7.8607000e+02   9.4000000e-01   1.1400000e+00  -1.4100000e+00
   7.8685000e+02  -6.9000000e-01   7.2000000e-01  -7.2000000e-01
   7.8764000e+02  -1.5900000e+00  -9.0000000e-02   2.2000000e-01
   7.8842000e+02  -1.3300000e+00  -6.0000000e-01   1.0400000e+00
   7.8920000e+02  -2.4000000e+00  -6.6000000e-01   1.8500000e+00
   7.8998000e+02  -3.3000000e+00  -2.6000000e-01   2.3400000e+00
   7.9076000e+02  -2.2900000e+00  -1.6000000e-01   2.5300000e+00
   7.9154000e+02  -5.0000000e-01  -3.9000000e-01   2.4000000e+00
   7.9232000e+02   1.6800000e+00  -6.1000000e-01   1.5500000e+00
   7.9311000e+02   2.8600000e+00  -8.3000000e-01   3.5000000e-01
   7.9389000e+02   3.0200000e+00  -7.3000000e-01  -7.4000000e-01
   7.9467000e+02   2.6200000e+00   2.1000000e-01  -1.7100000e+00
   7.9545000e+02   2.4800000e+00   1.3500000e+00  -2.0900000e+00
   7.9623000e+02   1.9400000e+00   1.3200000e+00  -2.3500000e+00
   7.9701000e+02  -1.0000000e-01   1.1300000e+00  -2.2900000e+00
   7.9779000e+02  -1.8400000e+00   1.3300000e+00  -1.5700000e+00
   7.9858000e+02  -2.5500000e+00   1.3500000e+00  -9.3000000e-01
   7.9936000e+02  -3.1000000e+00   8.8000000e-01  -4.9000000e-01
   8.0014000e+02  -2.7500000e+00  -5.9000000e-01  -2.0000000e-01
   8.0092000e+02  -1.6900000e+00  -2.0600000e+00   5.0000000e-01
   8.0170000e+02  -6.4000000e-01  -2.9600000e+00   1.0100000e+00
   8.0248000e+02   5.0000000e-02  -3.0100000e+00   1.2800000e+00
   8.0326000e+02   6.5000000e-01  -2.4500000e+00   2.0900000e+00
   8.0405000e+02   1.5400000e+00  -1.7400000e+00   2.1600000e+00
   8.0483000e+02   2.5900000e+00  -3.5000000e-01   1.4100000e+00
   8.0561000e+02   2.4600000e+00   1.8900000e+00   6.8000000e-01
   8.0639000e+02   1.7500000e+00   3.5400000e+00   2.7000000e-01
   8.0717000e+02   8.4000000e-01   3.9300000e+00  -2.4000000e-01
   8.0795000e+02   1.1000000e-01   3.3800000e+00  -3.1000000e-01
   8.0873000e+02  -5.8000000e-01   1.7600000e+00  -1.0000000e-01
   8.0952000e+02  -1.3100000e+00  -4.0000000e-02  -6.0000000e-01
   8.1030000e+02  -2.0000000e+00  -8.7000000e-01  -1.4500000e+00
   8.1108000e+02  -2.3800000e+00  -1.1900000e+00  -1.1400000e+00
   8.1186000e+02  -1.3500000e+00  -1.8000000e+00  -2.5000000e-01
   8.1264000e+02  -3.2000000e-01  -2.2800000e+00   4.9000000e-01
   8.1342000e+02   3.7000000e-01  -2.1700000e+00   4.3000000e-01
   8.1420000e+02   8.0000000e-01  -1.4900000e+00   3.0000000e-02
   8.1498000e+02   8.0000000e-01   1.0000000e-02   2.2000000e-01
   8.1577000e+02   1.1000000e+00   1.5800000e+00   8.2000000e-01
   8.1655000e+02   1.1700000e+00   2.2800000e+00   6.7000000e-01
   8.1733000e+02   1.1400000e+00   1.7300000e+00  -3.8000000e-01
   8.1811000e+02   1.0000000e+00   6.3000000e-01  -1.6400000e+00
   8.1889000e+02  -6.1000000e-01  -4.0000000e-02  -2.1400000e+00
   8.1967000e+02  -1.4100000e+00  -9.1000000e-01  -1.7300000e+00
   8.2045000e+02  -1.0200000e+00  -1.6100000e+00  -4.7000000e-01
   8.2124000e+02  -6.1000000e-01  -1.0100000e+00   7.9000000e-01
   8.2202000e+02  -8.2000000e-01  -4.0000000e-02   1.3500000e+00
   8.2280000e+02  -1.3200000e+00   1.2000000e-01   1.6200000e+00
   8.2358000e+02  -1.1000000e-01   2.0000000e-02   1.8000000e+00
   8.2436000e+02   1.5400000e+00   4.9000000e-01   1.6900000e+00
   8.2514000e+02   1.9800000e+00   1.5300000e+00   1.1500000e+00
   8.2592000e+02   1.7600000e+00   2.4100000e+00  -6.9000000e-01
   8.2671000e+02   8.1000000e-01   2.1700000e+00  -2.0600000e+00
   8.2749000e+02  -2.4000000e-01   4.9000000e-01  -1.9700000e+00
   8.2827000e+02  -1.5000000e+00  -1.6100000e+00  -9.3000000e-01
   8.2905000e+02  -2.3600000e+00  -2.1500000e+00   6.1000000e-01
   8.2983000e+02  -1.7800000e+00  -1.5600000e+00   1.3500000e+00
   8.3061000e+02  -9.5000000e-01  -7.1000000e-01   1.2700000e+00
   8.3139000e+02   2.9000000e-01   5.1000000e-01   1.2200000e+00
   8.3218000e+02   9.7000000e-01   9.3000000e-01   1.1000000e+00
   8.3296000e+02   1.8300000e+00  -6.0000000e-02   1.6000000e-01
   8.3374000e+02   2.6200000e+00  -8.2000000e-01  -1.3700000e+00
   8.3452000e+02   2.1800000e+00  -7.5000000e-01  -2.7400000e+00
   8.3530000e+02   1.0000000e+00  -3.0000000e-02  -2.8200000e+00
   8.3608000e+02  -1.0500000e+00   7.4000000e-01  -1.7000000e+00
   8.3686000e+02  -2.6100000e+00   9.5000000e-01  -2.0000000e-01
   8.3765000e+02  -2.5600000e+00   8.1000000e-01   1.0000000e+00
   8.3843000e+02  -2.2100000e+00   6.6000000e-01   1.7600000e+00
   8.3921000e+02  -1.2700000e+00   6.4000000e-01   1.5400000e+00
   8.3999000e+02   4.1000000e-01  -1.4000000e-01   1.1200000e+00
   8.4077000e+02   1.3700000e+00  -9.8000000e-01   4.7000000e-01
   8.4155000e+02   1.6100000e+00  -1.1000000e+00  -5.3000000e-01
   8.4233000e+02   1.7700000e+00  -9.4000000e-01  -7.2000000e-01
   8.4311000e+02   5.6000000e-01  -8.2000000e-01  -2.1000000e-01
   8.4390000e+02  -1.1000000e+00  -1.6000000e-01   9.7000000e-01
   8.4468000e+02  -7.3000000e-01   1.5100000e+00   1.7400000e+00
   8.4546000e+02   6.8000000e-01   2.3600000e+00   1.3500000e+00
   8.4624000e+02   1.8100000e+00   2.0000000e+00   3.4000000e-01
   8.4702000e+02   1.5100000e+00   1.0800000e+00  -5.4000000e-01
   8.4780000e+02   8.8000000e-01   4.4000000e-01  -1.7600000e+00
   8.4858000e+02  -3.0000000e-02   1.9000000e-01  -2.6900000e+00
   8.4937000e+02  -1.7600000e+00  -6.3000000e-01  -2.1600000e+00
   8.5015000e+02  -2.9800000e+00  -1.5700000e+00  -9.8000000e-01
   8.5093000e+02  -2.9600000e+00  -1.4400000e+00   2.5000000e-01
   8.5171000e+02  -1.7600000e+00  -1.1300000e+00   1.4100000e+00
   8.5249000e+02  -7.2000000e-01  -7.8000000e-01   2.4100000e+00
   8.5327000e+02   6.2000000e-01  -4.0000000e-01   2.5100000e+00
   8.5405000e+02   2.1700000e+00  -5.8000000e-01   9.8000000e-01
   8.5484000e+02   2.2100000e+00  -6.6000000e-01  -9.6000000e-01
   8.5562000e+02   2.4000000e+00   0.0000000e+00  -1.9900000e+00
   8.5640000e+02   2.2800000e+00   1.1700000e+00  -1.8200000e+00
   8.5718000e+02   1.5500000e+00   1.8100000e+00  -1.2500000e+00
   8.5796000e+02   2.0000000e-02   1.9200000e+00  -6.2000000e-01
   8.5874000e+02  -1.7000000e+00   1.5100000e+00   2.4000000e-01
   8.5952000e+02  -2.1200000e+00   6.9000000e-01   6.1000000e-01
   8.6031000e+02  -2.2100000e+00  -7.5000000e-01   5.0000000e-01
   8.6109000e+02  -1.6500000e+00  -1.9300000e+00   8.2000000e-01
   8.6187000e+02  -8.1000000e-01  -1.8800000e+00   1.2800000e+00
   8.6265000e+02  -1.4000000e-01  -6.2000000e-01   1.4000000e+00
   8.6343000e+02   9.7000000e-01   4.9000000e-01   1.2900000e+00
   8.6421000e+02   1.2600000e+00   9.5000000e-01   6.8000000e-01
   8.6499000e+02   5.4000000e-01   4.9000000e-01   1.0000000e-02
   8.6577000e+02   4.0000000e-01  -1.0000000e-01  -5.8000000e-01
   8.6656000e+02   3.0000000e-01  -3.0000000e-02  -9.5000000e-01
   8.6734000e+02   4.7000000e-01   7.1000000e-01  -8.8000000e-01
   8.6812000e+02   7.4000000e-01   5.4000000e-01  -8.7000000e-01
   8.6890000e+02  -1.7000000e-01   8.0000000e-02  -8.1000000e-01
   8.6968000e+02  -4.5000000e-01  -1.2000000e-01  -6.5000000e-01
   8.7046000e+02   7.0000000e-02  -4.1000000e-01  -5.0000000e-01
   8.7124000e+02  -3.3000000e-01  -9.3000000e-01  -3.3000000e-01
   8.7203000e+02  -1.6000000e-01  -2.4000000e-01  -1.5000000e-01
   8.7281000e+02  -1.7000000e-01   1.1800000e+00   2.6000000e-01
   8.7359000e+02  -4.0000000e-02   9.6000000e-01   5.1000000e-01
   8.7437000e+02  -4.0000000e-02  -1.3000000e-01   8.0000000e-02
   8.7515000e+02  -7.8000000e-01  -7.2000000e-01  -1.6000000e-01
   8.7593000e+02  -1.0300000e+00  -7.0000000e-01   4.0000000e-01
   8.7671000e+02  -3.4000000e-01  -4.2000000e-01   9.9000000e-01
   8.7750000e+02   3.7000000e-01  -1.0000000e-01   1.2500000e+00
   8.7828000e+02   7.2000000e-01  -1.6000000e-01   1.5100000e+00
   8.7906000e+02   8.9000000e-01  -4.7000000e-01   1.3100000e+00
   8.7984000e+02   1.3600000e+00  -2.5000000e-01  -3.3000000e-01
   8.8062000e+02   7.3000000e-01   2.3000000e-01  -1.7100000e+00
   8.8140000e+02  -7.1000000e-01   3.1000000e-01  -1.9000000e+00
   8.8218000e+02  -9.3000000e-01   4.2000000e-01  -1.1700000e+00
   8.8297000e+02  -6.3000000e-01   8.4000000e-01   3.0000000e-02
   8.8375000e+02  -2.7000000e-01   1.6200000e+00   9.7000000e-01
   8.8453000e+02   4.5000000e-01   1.4700000e+00   1.1000000e+00
   8.8531000e+02   7.8000000e-01   4.1000000e-01   2.6000000e-01
   8.8609000e+02   3.8000000e-01  -3.7000000e-01  -7.7000000e-01
   8.8687000e+02  -1.4000000e-01  -4.0000000e-01  -9.5000000e-01
   8.8765000e+02  -4.5000000e-01  -6.5000000e-01  -8.0000000e-01
   8.8844000e+02  -1.1500000e+00  -1.2700000e+00  -3.8000000e-01
   8.8922000e+02  -1.7200000e+00  -1.5800000e+00  -2.0000000e-02
   8.9000000e+02  -5.1000000e-01  -1.1000000e+00   3.7000000e-01
   8.9078000e+02   6.9000000e-01  -3.0000000e-01   1.2500000e+00
   8.9156000e+02   6.7000000e-01   7.4000000e-01   1.1900000e+00
   8.9234000e+02   7.9000000e-01   1.6200000e+00   4.6000000e-01
   8.9312000e+02   1.4000000e+00   1.1700000e+00  -1.3000000e-01
   8.9390000e+02   1.3000000e+00   2.1000000e-01  -6.3000000e-01
   8.9469000e+02   7.3000000e-01  -3.6000000e-01  -8.0000000e-01
   8.9547000e+02  -9.0000000e-02  -2.6000000e-01  -6.7000000e-01
   8.9625000e+02  -8.7000000e-01   4.7000000e-01  -2.2000000e-01
   8.9703000e+02  -1.0300000e+00   7.8000000e-01  -4.0000000e-02
   8.9781000e+02  -2.1000000e-01  -6.0000000e-02  -2.7000000e-01
   8.9859000e+02   1.7000000e-01  -9.1000000e-01  -6.4000000e-01
   8.9937000e+02  -7.3000000e-01  -5.7000000e-01  -9.1000000e-01
   9.0016000e+02  -1.6000000e+00  -2.1000000e-01  -6.6000000e-01
   9.0094000e+02  -1.1700000e+00  -6.1000000e-01   8.3000000e-01
   9.0172000e+02  -6.7000000e-01  -4.6000000e-01   2.5600000e+00
   9.0250000e+02  -8.0000000e-02  -8.0000000e-02   3.0400000e+00
   9.0328000e+02   1.5400000e+00   3.5000000e-01   1.7000000e+00
   9.0406000e+02   2.1600000e+00   1.0800000e+00  -1.0000000e-01
   9.0484000e+02   1.4900000e+00   1.1000000e+00  -1.2300000e+00
   9.0563000e+02   5.8000000e-01   3.6000000e-01  -1.6500000e+00
   9.0641000e+02  -1.1000000e-01   1.6000000e-01  -2.0300000e+00
   9.0719000e+02  -7.9000000e-01   2.7000000e-01  -1.6600000e+00
   9.0797000e+02  -2.6000000e-01   2.8000000e-01  -6.4000000e-01
   9.0875000e+02  -2.0000000e-01  -1.0000000e-02   1.6000000e-01
   9.0953000e+02  -1.5000000e-01  -1.3000000e-01   7.8000000e-01
   9.1031000e+02   0.0000000e+00   2.7000000e-01   9.5000000e-01
   9.1110000e+02  -2.7000000e-01   8.7000000e-01   6.4000000e-01
   9.1188000e+02  -1.0000000e-01   4.7000000e-01  -5.0000000e-02
   9.1266000e+02  -5.4000000e-01  -1.0900000e+00  -8.5000000e-01
   9.1344000e+02  -4.2000000e-01  -1.8000000e+00  -1.0900000e+00
   9.1422000e+02  -5.3000000e-01  -1.3900000e+00  -7.0000000e-01
   9.1500000e+02  -1.5400000e+00  -1.2900000e+00   1.9000000e-01
   9.1578000e+02  -6.0000000e-01  -1.5500000e+00   9.7000000e-01
   9.1656000e+02   4.6000000e-01  -7.5000000e-01   1.1100000e+00
   9.1735000e+02   1.0500000e+00   7.2000000e-01   1.1500000e+00
   9.1813000e+02   2.0000000e+00   1.9000000e+00   1.3600000e+00
   9.1891000e+02   2.2800000e+00   2.5700000e+00   1.0700000e+00
   9.1969000e+02   7.0000000e-01   3.1100000e+00   5.1000000e-01
   9.2047000e+02  -8.4000000e-01   3.3400000e+00   5.6000000e-01
   9.2125000e+02  -5.9000000e-01   1.8500000e+00   5.6000000e-01
   9.2203000e+02  -3.8000000e-01  -9.4000000e-01  -7.6000000e-01
   9.2282000e+02  -4.6000000e-01  -2.5900000e+00  -2.1300000e+00
   9.2360000e+02  -1.3600000e+00  -3.0000000e+00  -1.7400000e+00
   9.2438000e+02  -1.5800000e+00  -2.7100000e+00  -5.8000000e-01
   9.2516000e+02  -5.8000000e-01  -1.5400000e+00  -2.0000000e-01
   9.2594000e+02   8.1000000e-01  -4.0000000e-02   1.8000000e-01
   9.2672000e+02   1.5700000e+00   1.0900000e+00   9.0000000e-02
   9.2750000e+02   1.2300000e+00   1.2200000e+00  -6.0000000e-01
   9.2829000e+02   1.9000000e-01   8.4000000e-01  -8.1000000e-01
   9.2907000e+02  -3.1000000e-01   6.9000000e-01  -6.3000000e-01
   9.2985000e+02  -1.2100000e+00   7.0000000e-01   8.0000000e-02
   9.3063000e+02  -8.9000000e-01   5.6000000e-01   9.0000000e-01
   9.3141000e+02   4.9000000e-01  -1.7000000e-01   1.2800000e+00
   9.3219000e+02   6.9000000e-01  -7.3000000e-01   1.0200000e+00
   9.3297000e+02  -6.0000000e-02  -1.0400000e+00   3.8000000e-01
   9.3376000e+02  -7.9000000e-01  -1.0600000e+00   5.4000000e-01
   9.3454000e+02  -5.6000000e-01  -1.9000000e-01   1.1400000e+00
   9.3532000e+02   3.4000000e-01   1.8000000e-01   9.3000000e-01
   9.3610000e+02   1.3000000e+00   3.3000000e-01  -1.3000000e-01
   9.3688000e+02   1.2600000e+00   6.4000000e-01  -8.6000000e-01
   9.3766000e+02   6.5000000e-01   1.3700000e+00  -1.1800000e+00
   9.3844000e+02   4.1000000e-01   1.4500000e+00  -6.4000000e-01
   9.3923000e+02  -1.1000000e-01   1.1800000e+00  -4.0000000e-02
   9.4001000e+02  -1.0000000e+00   1.0800000e+00   1.6000000e-01
   9.4079000e+02  -8.1000000e-01   7.0000000e-02  -3.2000000e-01
   9.4157000e+02  -9.6000000e-01  -1.4700000e+00  -9.3000000e-01
   9.4235000e+02  -1.7400000e+00  -1.8500000e+00  -5.7000000e-01
   9.4313000e+02  -1.7100000e+00  -1.2700000e+00   7.4000000e-01
   9.4391000e+02  -9.9000000e-01  -7.4000000e-01   1.8900000e+00
   9.4469000e+02   4.2000000e-01  -6.7000000e-01   1.0700000e+00
   9.4548000e+02   1.7600000e+00  -9.6000000e-01  -2.9000000e-01
   9.4626000e+02   2.5100000e+00  -3.8000000e-01  -8.1000000e-01
   9.4704000e+02   2.6500000e+00   3.3000000e-01  -8.7000000e-01
   9.4782000e+02   1.7000000e+00   3.0000000e-01  -1.3200000e+00
   9.4860000e+02   8.4000000e-01   4.5000000e-01  -2.0100000e+00
   9.4938000e+02  -8.0000000e-02   9.4000000e-01  -1.7000000e+00
   9.5016000e+02  -9.5000000e-01   1.2400000e+00  -8.8000000e-01
   9.5095000e+02  -1.1900000e+00   1.4800000e+00   4.9000000e-01
   9.5173000e+02  -2.3500000e+00   1.1500000e+00   2.1100000e+00
   9.5251000e+02  -2.9100000e+00   4.7000000e-01   2.6400000e+00
   9.5329000e+02  -2.5700000e+00   1.6000000e-01   2.7200000e+00
   9.5407000e+02  -1.6900000e+00  -1.1000000e-01   2.7100000e+00
   9.5485000e+02   4.1000000e-01  -7.4000000e-01   2.7600000e+00
   9.5563000e+02   2.1500000e+00  -1.1500000e+00   1.7800000e+00
   9.5642000e+02   2.8100000e+00  -1.3600000e+00  -4.3000000e-01
   9.5720000e+02   2.5800000e+00  -1.3000000e+00  -2.4400000e+00
   9.5798000e+02   1.8200000e+00  -6.7000000e-01  -3.3100000e+00
   9.5876000e+02   1.0300000e+00   3.2000000e-01  -2.9600000e+00
   9.5954000e+02  -2.1000000e-01   1.0200000e+00  -1.8500000e+00
   9.6032000e+02  -1.3400000e+00   1.7900000e+00  -1.1000000e+00
   9.6110000e+02  -7.6000000e-01   2.1000000e+00  -4.7000000e-01
   9.6189000e+02  -1.4000000e-01   1.8100000e+00   4.0000000e-02
   9.6267000e+02  -6.0000000e-01   1.3400000e+00   1.0000000e-02
   9.6345000e+02  -1.5300000e+00   5.4000000e-01   1.0000000e-02
   9.6423000e+02  -1.4700000e+00  -1.1500000e+00   2.5000000e-01
   9.6501000e+02  -6.2000000e-01  -2.8400000e+00  -6.0000000e-02
   9.6579000e+02   1.8000000e-01  -2.7900000e+00  -3.8000000e-01
   9.6657000e+02   7.3000000e-01  -2.3300000e+00   1.0000000e-02
   9.6736000e+02   9.2000000e-01  -2.1800000e+00   9.8000000e-01
   9.6814000e+02  -4.0000000e-02  -1.5700000e+00   1.7200000e+00
   9.6892000e+02  -5.0000000e-01   2.5000000e-01   2.3400000e+00
   9.6970000e+02   5.7000000e-01   2.4400000e+00   2.3500000e+00
   9.7048000e+02   1.3900000e+00   3.6300000e+00   1.3500000e+00
   9.7126000e+02   1.3800000e+00   4.1000000e+00  -6.0000000e-02
   9.7204000e+02  -2.0000000e-02   3.7800000e+00  -6.0000000e-01
   9.7282000e+02  -1.9000000e-01   2.5800000e+00  -7.2000000e-01
   9.7361000e+02   2.0000000e-02  -3.4000000e-01  -1.3900000e+00
   9.7439000e+02  -4.3000000e-01  -3.4100000e+00  -1.9400000e+00
   9.7517000e+02  -1.4200000e+00  -4.8700000e+00  -1.7500000e+00
   9.7595000e+02  -2.2200000e+00  -4.3000000e+00  -7.2000000e-01
   9.7673000e+02  -1.9100000e+00  -2.7200000e+00   3.8000000e-01
   9.7751000e+02  -5.5000000e-01  -8.3000000e-01   5.1000000e-01
   9.7829000e+02   1.2300000e+00   3.0000000e-01   3.6000000e-01
   9.7908000e+02   2.8900000e+00   1.0000000e+00   7.0000000e-02
   9.7986000e+02   3.3600000e+00   2.0500000e+00  -7.1000000e-01
   9.8064000e+02   1.9200000e+00   2.4100000e+00  -9.0000000e-01
   9.8142000e+02   9.5000000e-01   1.6900000e+00  -2.0000000e-01
   9.8220000e+02   0.0000000e+00   1.3700000e+00   0.0000000e+00
   9.8298000e+02  -2.2700000e+00   1.4600000e+00  -1.1000000e-01
   9.8376000e+02  -3.4000000e+00   1.4100000e+00   2.1000000e-01
   9.8455000e+02  -2.8600000e+00   9.0000000e-01   9.1000000e-01
   9.8533000e+02  -1.5200000e+00  -2.6000000e-01   8.6000000e-01
   9.8611000e+02  -4.9000000e-01  -1.4400000e+00   3.2000000e-01
   9.8689000e+02  -2.2000000e-01  -2.1100000e+00   5.1000000e-01
   9.8767000e+02   1.1000000e-01  -2.1000000e+00   1.4900000e+00
   9.8845000e+02   1.2200000e+00  -1.7300000e+00   1.7800000e+00
   9.8923000e+02   2.6800000e+00  -9.2000000e-01   9.7000000e-01
   9.9002000e+02   2.9400000e+00   3.3000000e-01  -3.4000000e-01
   9.9080000e+02   2.6200000e+00   1.3900000e+00  -1.5600000e+00
   9.9158000e+02   1.6400000e+00   1.9100000e+00  -1.9600000e+00
   9.9236000e+02  -2.5000000e-01   1.7700000e+00  -1.8300000e+00
   9.9314000e+02  -1.5000000e+00   1.3100000e+00  -1.8300000e+00
   9.9392000e+02  -1.9600000e+00   1.0100000e+00  -9.5000000e-01
   9.9470000e+02  -1.7900000e+00   5.9000000e-01   6.4000000e-01
   9.9548000e+02  -1.4300000e+00   7.0000000e-02   1.2900000e+00
   9.9627000e+02  -2.2200000e+00  -5.8000000e-01   1.4400000e+00
   9.9705000e+02  -1.6300000e+00  -8.6000000e-01   1.7600000e+00
   9.9783000e+02  -1.3000000e-01  -1.2000000e+00   1.6900000e+00
   9.9861000e+02   1.1200000e+00  -2.0100000e+00   6.8000000e-01
   9.9939000e+02   1.6200000e+00  -2.2600000e+00  -8.9000000e-01
   1.0001700e+03   1.7500000e+00  -1.2100000e+00  -1.5400000e+00
   1.0009500e+03   1.0500000e+00  -4.0000000e-02  -1.1500000e+00
   1.0017400e+03   3.9000000e-01   7.0000000e-01  -5.4000000e-01
   1.0025200e+03   2.7000000e-01   1.8300000e+00  -3.8000000e-01
   1.0033000e+03   2.3000000e-01   2.8100000e+00  -5.2000000e-01
   1.0040800e+03   3.1000000e-01   2.0700000e+00   4.0000000e-01
   1.0048600e+03   3.2000000e-01   5.6000000e-01   1.0400000e+00
   1.0056400e+03   4.0000000e-02  -3.3000000e-01   5.2000000e-01
   1.0064200e+03  -8.0000000e-01  -7.0000000e-02   2.3000000e-01
   1.0072100e+03  -1.2100000e+00   5.0000000e-01   2.5000000e-01
   1.0079900e+03  -5.6000000e-01  -1.0000000e-02  -4.1000000e-01
   1.0087700e+03  -6.3000000e-01  -1.3900000e+00  -6.0000000e-01
   1.0095500e+03  -1.0700000e+00  -1.8000000e+00   4.2000000e-01
   1.0103300e+03  -1.0400000e+00  -4.9000000e-01   1.4700000e+00
   1.0111100e+03   2.3000000e-01   5.3000000e-01   1.5500000e+00
   1.0118900e+03   1.0400000e+00  -8.0000000e-02   9.7000000e-01
   1.0126800e+03   1.3000000e+00  -7.1000000e-01   2.6000000e-01
   1.0134600e+03   9.7000000e-01  -3.7000000e-01  -3.8000000e-01
   1.0142400e+03   2.3000000e-01   1.3000000e-01  -9.2000000e-01
   1.0150200e+03   5.1000000e-01   6.5000000e-01  -1.3100000e+00
   1.0158000e+03   7.7000000e-01   7.3000000e-01  -1.4900000e+00
   1.0165800e+03  -5.0000000e-02  -2.0000000e-02  -1.2100000e+00
   1.0173600e+03  -7.3000000e-01  -6.2000000e-01  -5.7000000e-01
   1.0181500e+03  -1.1600000e+00  -6.9000000e-01  -8.0000000e-02
   1.0189300e+03  -8.0000000e-01  -2.2000000e-01  -1.0000000e-01
   1.0197100e+03   2.0000000e-01   4.5000000e-01   4.0000000e-02
   1.0204900e+03   6.9000000e-01   1.1800000e+00  -9.0000000e-02
   1.0212700e+03   1.7000000e-01   1.3200000e+00  -6.1000000e-01
   1.0220500e+03  -5.0000000e-02   8.6000000e-01  -2.6000000e-01
   1.0228300e+03  -1.1000000e-01   2.6000000e-01   6.3000000e-01
   1.0236100e+03  -1.1300000e+00  -8.0000000e-01   1.0000000e+00
   1.0244000e+03  -9.8000000e-01  -1.1600000e+00   8.9000000e-01
   1.0251800e+03  -4.6000000e-01  -9.4000000e-01   1.3200000e+00
   1.0259600e+03   3.4000000e-01  -7.8000000e-01   1.5400000e+00
   1.0267400e+03   1.4800000e+00  -5.2000000e-01   9.4000000e-01
   1.0275200e+03   5.0000000e-01  -2.2000000e-01   5.5000000e-01
   1.0283000e+03  -3.5000000e-01  -8.0000000e-02   4.9000000e-01
   1.0290800e+03   9.0000000e-01   5.7000000e-01   4.3000000e-01
   1.0298700e+03   1.5200000e+00   1.1600000e+00  -3.5000000e-01
   1.0306500e+03   1.5000000e+00   1.1600000e+00  -1.8600000e+00
   1.0314300e+03   1.3500000e+00   1.5500000e+00  -3.1100000e+00
   1.0322100e+03  -2.8000000e-01   1.5800000e+00  -2.5400000e+00
   1.0329900e+03  -2.2000000e+00   7.7000000e-01  -4.5000000e-01
   1.0337700e+03  -3.0000000e+00   5.4000000e-01   9.3000000e-01
   1.0345500e+03  -3.2800000e+00   1.2000000e-01   1.2600000e+00
   1.0353400e+03  -2.4200000e+00  -8.1000000e-01   2.0200000e+00
   1.0361200e+03  -1.0000000e-02  -1.9400000e+00   2.2400000e+00
   1.0369000e+03   1.7000000e+00  -2.8800000e+00   1.6600000e+00
   1.0376800e+03   1.5700000e+00  -2.8100000e+00   4.5000000e-01
   1.0384600e+03   1.6700000e+00  -1.1200000e+00  -8.8000000e-01
   1.0392400e+03   2.0500000e+00   1.5100000e+00  -1.1200000e+00
   1.0400200e+03   2.6900000e+00   3.0700000e+00  -9.6000000e-01
   1.0408100e+03   2.8400000e+00   2.6800000e+00  -1.0100000e+00
   1.0415900e+03   1.0200000e+00   1.2700000e+00  -1.4800000e+00
   1.0423700e+03  -1.1800000e+00   2.2000000e-01  -1.2800000e+00
   1.0431500e+03  -2.0900000e+00   2.8000000e-01  -1.2000000e-01
   1.0439300e+03  -2.3000000e+00   1.9000000e-01   7.2000000e-01
   1.0447100e+03  -2.5200000e+00  -1.7000000e-01   9.7000000e-01
   1.0454900e+03  -2.6400000e+00  -5.8000000e-01   1.1500000e+00
   1.0462700e+03  -2.4900000e+00  -1.0400000e+00   1.6800000e+00
   1.0470600e+03  -1.3800000e+00  -1.8800000e+00   2.0800000e+00
   1.0478400e+03   6.7000000e-01  -1.8600000e+00   1.5400000e+00
   1.0486200e+03   2.0900000e+00  -3.1000000e-01   4.0000000e-01
   1.0494000e+03   3.2900000e+00   8.0000000e-01  -2.7000000e-01
   1.0501800e+03   3.5500000e+00   9.2000000e-01  -3.6000000e-01
   1.0509600e+03   2.1600000e+00   1.0200000e+00  -6.6000000e-01
   1.0517400e+03   6.2000000e-01   1.5200000e+00  -1.5100000e+00
   1.0525300e+03  -3.3000000e-01   1.8700000e+00  -1.4800000e+00
   1.0533100e+03  -7.9000000e-01   1.6800000e+00  -1.1200000e+00
   1.0540900e+03  -5.3000000e-01   1.1300000e+00  -1.0000000e+00
   1.0548700e+03  -8.8000000e-01   3.2000000e-01  -4.3000000e-01
   1.0556500e+03  -1.9000000e+00  -5.9000000e-01  -9.0000000e-02
   1.0564300e+03  -2.8400000e+00  -8.7000000e-01  -3.7000000e-01
   1.0572100e+03  -2.1100000e+00  -1.6000000e+00  -1.5000000e-01
   1.0580000e+03  -6.8000000e-01  -3.0300000e+00   3.8000000e-01
   1.0587800e+03   9.7000000e-01  -3.3100000e+00   4.2000000e-01
   1.0595600e+03   1.8600000e+00  -2.4200000e+00   2.6000000e-01
   1.0603400e+03   1.1400000e+00  -1.1000000e+00   5.6000000e-01
   1.0611200e+03   7.6000000e-01   3.3000000e-01   1.3000000e+00
   1.0619000e+03   1.4000000e+00   1.8200000e+00   1.2200000e+00
   1.0626800e+03   1.4700000e+00   3.1100000e+00   4.7000000e-01
   1.0634700e+03   9.1000000e-01   3.3400000e+00  -8.0000000e-02
   1.0642500e+03   9.0000000e-02   2.6600000e+00  -1.6000000e-01
   1.0650300e+03  -3.7000000e-01   1.7500000e+00   2.1000000e-01
   1.0658100e+03  -5.1000000e-01   7.0000000e-02  -2.1000000e-01
   1.0665900e+03  -1.4100000e+00  -1.3100000e+00  -1.0200000e+00
   1.0673700e+03  -2.5800000e+00  -1.9800000e+00  -1.0800000e+00
   1.0681500e+03  -2.7700000e+00  -2.3100000e+00   0.0000000e+00
   1.0689400e+03  -1.2700000e+00  -1.9400000e+00   1.1200000e+00
   1.0697200e+03   7.1000000e-01  -1.0200000e+00   1.8500000e+00
   1.0705000e+03   2.1300000e+00   2.0000000e-02   1.6000000e+00
   1.0712800e+03   1.7900000e+00   8.7000000e-01   9.0000000e-01
   1.0720600e+03   1.7000000e+00   1.7700000e+00   6.3000000e-01
   1.0728400e+03   2.5300000e+00   1.8500000e+00   0.0000000e+00
   1.0736200e+03   1.6700000e+00   9.0000000e-01  -1.1000000e+00
   1.0744000e+03  -6.0000000e-01  -5.0000000e-02  -2.1900000e+00
   1.0751900e+03  -2.6900000e+00  -1.5000000e-01  -2.3500000e+00
   1.0759700e+03  -2.6200000e+00   2.0000000e-02  -1.4500000e+00
   1.0767500e+03  -1.9500000e+00  -3.7000000e-01  -6.0000000e-01
   1.0775300e+03  -1.2000000e+00  -1.2900000e+00   3.0000000e-02
   1.0783100e+03   4.1000000e-01  -2.2000000e+00   3.4000000e-01
   1.0790900e+03   1.7500000e+00  -2.1300000e+00   2.7000000e-01
   1.0798700e+03   2.5400000e+00  -8.1000000e-01  -2.7000000e-01
   1.0806600e+03   2.6300000e+00   6.8000000e-01  -1.1200000e+00
   1.0814400e+03   9.5000000e-01   1.3000000e+00  -1.4200000e+00
   1.0822200e+03  -1.4900000e+00   1.4600000e+00  -4.6000000e-01
