,0,1,2
0,1.0,22.878908752500003,35.528312472500005
1,2.0,22.916194724,35.53278728
2,3.0,22.915900072,35.53522991999999
3,4.0,22.909318988000003,35.539337018
4,5.0,22.905851935999998,35.542759496
5,6.0,22.891055618,35.534751740000004
6,7.0,22.866561192,35.540202261999994
7,8.0,22.858980624,35.543210607999995
8,9.0,22.851244987999998,35.542410306
9,10.0,22.84306755,35.542514604000004
10,11.0,22.841146596,35.551884017999996
11,12.0,22.849499035999997,35.548135276000004
12,13.0,22.833854547999998,35.549336124
